0 0.1046875 0.41968911917098445 0.0984375 0.11658031088082901
0 0.1890625 0.27979274611398963 0.0875 0.10362694300518134
0 0.2921875 0.37823834196891193 0.0953125 0.09844559585492228
0 0.3921875 0.34196891191709844 0.078125 0.10362694300518134
0 0.4890625 0.44559585492227977 0.090625 0.09844559585492228
0 0.6171875 0.28756476683937826 0.0765625 0.08808290155440414
0 0.6953125 0.3911917098445596 0.0921875 0.12694300518134716
0 0.8109375 0.27461139896373055 0.065625 0.09326424870466321
0 0.9203125 0.38341968911917096 0.0890625 0.08290155440414508
1 0.1015625 0.7435233160621761 0.1609375 0.38082901554404147
1 0.1890625 0.5544041450777202 0.125 0.30310880829015546
1 0.29375 0.6968911917098446 0.140625 0.34196891191709844
1 0.3875 0.6295336787564767 0.140625 0.3316062176165803
1 0.4890625 0.7383419689119171 0.1421875 0.2979274611398964
1 0.6125 0.5569948186528497 0.1125 0.29015544041450775
1 0.7046875 0.6761658031088082 0.125 0.32124352331606215
1 0.8171875 0.5673575129533679 0.1375 0.3082901554404145
1 0.9015625 0.6813471502590673 0.1640625 0.3238341968911917