0 0.8984567224798535 0.4866493462236088 0.11145565046753844 0.1523442684240116
0 0.8326368006404887 0.6516124670544888 0.10045451795398108 0.1337392637266381
0 0.7183515868430381 0.5835628726130457 0.1051420179539809 0.1339206293761617
0 0.6248379361791082 0.6474680271550369 0.0895079275949012 0.13071867461367986
0 0.5175567013044188 0.5718982733956718 0.10201701795398091 0.13379971894314593
0 0.4088680234149299 0.7637703043440122 0.08789088544042353 0.11507380381275617
0 0.31874701746300155 0.6810733501740264 0.10522383118569749 0.15729725275278525
0 0.2184975534691592 0.8291220406573163 0.07696247579950315 0.11724801989460314
0 0.09872086377400953 0.7543673464645889 0.09726588544042354 0.11543653511180398
1 0.8623278040583344 0.2073670259301022 0.20278060811666876 0.35585067098147216
1 0.798869812937129 0.3776156347805495 0.15900333703942984 0.346365717127042
1 0.678956767855785 0.26389990162678306 0.1794703731437835 0.3913074790974895
1 0.5933647015008106 0.35927616342014507 0.17943401170746504 0.3809178687078791
1 0.4805965359079618 0.2783000112081969 0.17619083703942984 0.3470307245086294
1 0.3813646712501895 0.4939113968322083 0.14488629488495217 0.330237204594055
1 0.2755913942210223 0.4028176827049355 0.1606203791939076 0.3620105879279657
1 0.17765386397040125 0.5418661469220781 0.1715396984757484 0.357238969248716
1 0.08984024658215443 0.448870265187244 0.17786242134838534 0.3782600108939685