0 0.109375 0.3755868544600939 0.0578125 0.06338028169014084
0 0.2296875 0.3967136150234742 0.053125 0.056338028169014086
0 0.3171875 0.38028169014084506 0.0546875 0.056338028169014086
0 0.396875 0.4154929577464789 0.046875 0.046948356807511735
0 0.48125 0.43427230046948356 0.046875 0.051643192488262914
0 0.5703125 0.42488262910798125 0.04375 0.056338028169014086
0 0.628125 0.431924882629108 0.0453125 0.046948356807511735
0 0.7234375 0.4014084507042254 0.0515625 0.06103286384976526
0 0.796875 0.3755868544600939 0.0546875 0.04929577464788732
1 0.1078125 0.5586854460093896 0.1109375 0.22300469483568075
1 0.2234375 0.568075117370892 0.090625 0.20657276995305165
1 0.31875 0.5492957746478874 0.0984375 0.19953051643192488
1 0.396875 0.5892018779342723 0.0921875 0.20892018779342722
1 0.4875 0.5892018779342723 0.0875 0.19718309859154928
1 0.5734375 0.5892018779342723 0.0765625 0.20892018779342722
1 0.646875 0.6009389671361502 0.084375 0.20657276995305165
1 0.7390625 0.5610328638497653 0.1125 0.18544600938967137
1 0.8265625 0.5258215962441315 0.096875 0.19953051643192488