0 0.9017313798433684 0.3908409572679139 0.062028527735416714 0.07202053411314668
0 0.7792024164125003 0.40227340467839534 0.057195557370694414 0.06250793975919205
0 0.691302372909514 0.37874637096003894 0.058758057370694415 0.06254891409000952
0 0.6120331002080905 0.40783136699604616 0.04927395459715278 0.05526081458397834
0 0.5254780043684031 0.4206688226381028 0.04931032218833344 0.05760823242435393
0 0.4353614974345488 0.40541921285728705 0.04941942496187508 0.06465048594548069
0 0.3767859312301391 0.40812945918312776 0.04767508700597221 0.05287242241278529
0 0.28003756458888907 0.36839585940163805 0.057268292553055565 0.06720277543994323
0 0.20685398451677103 0.33626360709920167 0.05708645459715278 0.05546568623806529
1 0.8975731695466322 0.5764713511462636 0.1271106267092364 0.24032617401250975
1 0.7803311181598614 0.5760232991970061 0.10338218597979179 0.22093221632724394
1 0.6845822070656947 0.5503537192923613 0.11264808320625015 0.21413580879102173
1 0.6046044195466322 0.5841540381745284 0.10654355357097245 0.22336158282925447
1 0.5146151991819101 0.5771203908350273 0.10011171561506949 0.2114605963041068
1 0.4254435964083684 0.5724136741704929 0.09088218597979178 0.2206044216807047
1 0.35280553020395866 0.5754926894736905 0.09869468597979178 0.22080929333479166
1 0.26063556078916694 0.5285939131786218 0.12340374525034736 0.20268553990486568
1 0.17322582655673638 0.48626704957185196 0.10952308320625011 0.2140538601293868