0 0.10045961889639606 0.597794821741496 0.11844377461060622 0.17223379011111378
0 0.15828282759274237 0.4139727663354457 0.10718802586424747 0.15299300161165935
0 0.27716085972519605 0.4544990670004231 0.11183006175762475 0.15084944343610082
0 0.3695242044732042 0.36620139934276325 0.09615959765100204 0.1467392260992182
0 0.4822886289255258 0.41512503369574033 0.10865959765100222 0.14794947789080226
0 0.5801458042357774 0.1936034262008081 0.09276181301126592 0.13085224756690658
0 0.6782028710079671 0.25175644234849903 0.11384720282385156 0.17697475088407483
0 0.7698244181841155 0.0763701469408783 0.08338681301126609 0.12994455872321856
0 0.8966058785298145 0.12133484543092074 0.10369931301126592 0.1319112178845427
1 0.15473324491892806 0.837109658731004 0.2255408722616083 0.3200319865279682
1 0.2083690587881239 0.6823128763182262 0.17810358260730733 0.37248511797843686
1 0.33739498073316315 0.7660873322953595 0.20075147241989288 0.4187589027695529
1 0.4167582203083219 0.6504284878578553 0.20066054420664764 0.41356409757474805
1 0.5358181088672662 0.701344398912443 0.19538201082055268 0.3793440193866702
1 0.6246723572179136 0.4572782161476014 0.16372283386094857 0.3529417665310866
1 0.7362379945232166 0.5271323527537473 0.18154683135366606 0.3909694991081511
1 0.8279959340192331 0.3595382651383343 0.1923934031404208 0.38683366423098187
1 0.9105858105039836 0.42639117792192116 0.1788283789920328 0.4126564087310599