0 0.12626368611433303 0.3557493337391962 0.0617497274987628 0.0711901155884658
0 0.2484219691310198 0.39261872255518315 0.056816566033373574 0.06390194115542519
0 0.337856283355371 0.38559511749831815 0.058379066033373485 0.06398391479272988
0 0.4174961957252714 0.4331210294104951 0.050320904567984215 0.056531793085080266
0 0.503471317276569 0.46106277104735016 0.050402791723113974 0.05887921092545572
0 0.592533817276569 0.4657352683737108 0.04900406603337348 0.06349207296890245
0 0.6523182530522178 0.4805873557931625 0.0485946302577247 0.05175498376702452
0 0.7491965750784851 0.4634102386411301 0.056980340343633175 0.06859677683617649
0 0.8227192842598822 0.4473509347699049 0.05813340456798457 0.05694166127160313
1 0.12648277136958344 0.5408674485796493 0.12850121551297516 0.24105375411001068
1 0.2418587878779268 0.5621507268839766 0.10597111827193721 0.2211267804647421
1 0.3391465456798429 0.5567106989338222 0.11353795680654795 0.2144943951301382
1 0.41738773236000287 0.6088494728894458 0.10917800542706697 0.2236381455797267
1 0.5082583938253922 0.6206461973742379 0.10095606965141819 0.21149118819132603
1 0.5975665552907813 0.6323609482217252 0.09347111827193721 0.22047099136630566
1 0.6708369589542544 0.6537783561592047 0.10128361827193721 0.22088085955282838
1 0.763440538782438 0.6258329246322207 0.12562852103089917 0.20341309502669686
1 0.852301642920881 0.6023773946927267 0.11041295680654813 0.21433044785552907