1 0.6938833728491958 0.6685562690835313 0.10381586729005096 0.18330063132734442
1 0.5851578126425414 0.630453123798162 0.08495678298109546 0.1542715459839243
1 0.47022770423128507 0.6039502124763336 0.07868860226293642 0.14932331659049133
1 0.3709453217177277 0.5839077091534547 0.06631586729005097 0.18198004929298675
1 0.24501408079291398 0.5404711647146313 0.05691359621281204 0.17455770520283687
1 0.21037546037960508 0.47070271156138715 0.02678975897699045 0.06003706712067254
1 0.03875499043383437 0.5308438973318099 0.04085225897699045 0.06053228538355657
0 0.7120606802271798 0.5202803898879442 0.05023634933607006 0.0632264970859996
0 0.601073183252242 0.5033713039701084 0.05491475897699054 0.061027503646440856
0 0.48922262304558756 0.4651581101818761 0.04240566861791084 0.05822324344113487
0 0.42913000555914493 0.4795881398587345 0.055005662567786474 0.08466816558497513
0 0.3524129694547914 0.43670282624307893 0.053334078258831144 0.056244347007302395
0 0.2491834303253758 0.40588446441928056 0.04084316861791084 0.058168219189703135
0 0.21416353571157004 0.4401074116698715 0.01573408430895542 0.028919036840556894
0 0.014390794688560488 0.49216596233296556 0.025181807181592353 0.04816171189997367