1 0.3008459242752516 0.413608502428699 0.09596700585373252 0.17398054682390737
1 0.41023001463433123 0.41211734582943604 0.07710792154477701 0.14488267217872575
1 0.5226754724798535 0.3939282022237487 0.0724113311856975 0.14234754001032138
1 0.618710135145836 0.37513334822169486 0.05691359621281204 0.17497134905402856
1 0.7460493399662962 0.3694534108852544 0.049073825135573304 0.16758657111142716
1 0.7876646682251274 0.422494182576197 0.023655668617910665 0.05769935752448661
1 0.9434692406302261 0.3008649744350699 0.037709078258831144 0.05582608104391788
0 0.30377145725634713 0.5651845382402313 0.04709316861791084 0.05852667713428127
0 0.4107208940246306 0.5400794311374929 0.05177157825883114 0.05632247280979466
0 0.5232027133064714 0.5313689605175875 0.03769998789975162 0.05345641279747239
0 0.5777674934588964 0.49744802676771915 0.05029998184962743 0.07996400063359677
0 0.658295330792914 0.5100104063759866 0.050181807181592396 0.0491583134298053
0 0.759835104895215 0.5005011841174293 0.036137487899751616 0.053401258156819384
0 0.7893453428931624 0.4532447151393355 0.014171584308955331 0.02893241072322288
0 0.9740425297596417 0.3270406437764601 0.0298602168225127 0.04607163485487101