1 0.3046875 0.5957446808510638 0.0859375 0.15839243498817968
1 0.4125 0.5839243498817966 0.0703125 0.13238770685579196
1 0.525 0.5862884160756501 0.0640625 0.13002364066193853
1 0.6203125 0.5910165484633569 0.0484375 0.16548463356973994
1 0.7453125 0.5791962174940898 0.040625 0.15839243498817968
1 0.784375 0.5200945626477541 0.0203125 0.05200945626477541
1 0.94375 0.6170212765957447 0.0359375 0.04964539007092199
0 0.3 0.4491725768321513 0.04375 0.05200945626477541
0 0.4078125 0.458628841607565 0.0484375 0.04964539007092199
0 0.51875 0.4491725768321513 0.0359375 0.04728132387706856
0 0.5734375 0.47754137115839246 0.046875 0.07092198581560284
0 0.6515625 0.45390070921985815 0.0484375 0.0425531914893617
0 0.753125 0.4491725768321513 0.034375 0.04964539007092199
0 0.7828125 0.491725768321513 0.0125 0.026004728132387706
0 0.971875 0.5886524822695035 0.0265625 0.04018912529550828