1 0.8442347715682181 0.4218334874385743 0.1400533491396782 0.2662240979311756
1 0.724584826019336 0.6631035036494658 0.1301056565176623 0.11733126383403086
1 0.566941018543156 0.42834453536145756 0.108621541958086 0.21697347447010515
1 0.5610126845287883 0.7498497759394417 0.15580561416679295 0.3002611743675933
1 0.5298995607958297 0.5144493120458625 0.0613829275949012 0.11956812751379335
1 0.27104673556206055 0.5996452800097505 0.1604567527304745 0.29117817965145965
1 0.1999251936039746 0.813988594561865 0.17632719242562417 0.35580349138199485
0 0.7658194009585175 0.3003089587366009 0.06279089149054773 0.0796777175103763
0 0.5440125786516147 0.29822367942784866 0.05337043969514958 0.06725547164852581
0 0.2832296147559682 0.2765252088571994 0.07223861436318471 0.09915878690163869
0 0.4819074883907309 0.40255248429287477 0.0644170240041051 0.09625789574225337
0 0.5047768409482548 0.5479674578735424 0.07234769867214012 0.12739408101928576
0 0.18285184397331689 0.583484173640216 0.0722295240041051 0.09680584572516797
0 0.829463223560008 0.6063492091725265 0.059829517953980726 0.12181147869368113
0 0.7924808531466991 0.6771598682098727 0.09105224687674199 0.11694445509592805