1 0.8481622971432852 0.37751409547339954 0.11985601564384112 0.23295612584484376
1 0.6832436814570917 0.21020966098932886 0.12773015785015537 0.07370048167666056
1 0.5942476128435961 0.5115574269802443 0.09330892619541978 0.1923944332653802
1 0.5138489393495995 0.209285072856203 0.13353908404557516 0.2638003524162657
1 0.539583228670964 0.45032563196828357 0.05244173151356133 0.10455658923186567
1 0.2839548549510883 0.4999028955524246 0.137771557737216 0.25218618620683997
1 0.16641947347987926 0.3268059246371583 0.14684272084904332 0.3251200365817529
0 0.806694404936971 0.5358887915290083 0.05861613680346807 0.06250793975919205
0 0.6042134180205633 0.6478305847144806 0.050439615756780756 0.05291339674360276
0 0.3721205258142491 0.801206412410365 0.06706567363517095 0.07914473629590811
0 0.5243670233245874 0.5812483647286901 0.05925317363517095 0.07893986464182116
0 0.5083864365775892 0.4307472897943393 0.06356124203690498 0.10953824522833873
0 0.20736923912372046 0.5576928467757227 0.06853716837349921 0.07683829278635013
0 0.7926641840879276 0.21425157306673553 0.05097023677523325 0.10686303274142378
0 0.7414888209619829 0.16249139807791194 0.08470819994353036 0.09133254313677769