1 0.1625 0.6141176470588235 0.103125 0.2211764705882353
1 0.315625 0.7905882352941176 0.121875 0.0611764705882353
1 0.425 0.49411764705882355 0.0796875 0.1811764705882353
1 0.4828125 0.8 0.1140625 0.24941176470588236
1 0.475 0.56 0.0453125 0.1011764705882353
1 0.7328125 0.5247058823529411 0.1203125 0.2376470588235294
1 0.8359375 0.7011764705882353 0.1234375 0.31058823529411766
0 0.215625 0.4611764705882353 0.0546875 0.05647058823529412
0 0.425 0.36 0.046875 0.047058823529411764
0 0.6671875 0.2188235294117647 0.0609375 0.07294117647058823
0 0.5 0.43058823529411766 0.053125 0.07294117647058823
0 0.5046875 0.5788235294117647 0.0546875 0.1011764705882353
0 0.8125 0.4682352941176471 0.0625 0.07058823529411765
0 0.20625 0.7811764705882352 0.04375 0.10352941176470588
0 0.253125 0.8352941176470589 0.078125 0.08