1 0.1949114024155049 0.9731416159387183 0.03496603338609487 0.037638038116496256
1 0.40267007812146777 0.9199829203060965 0.03725595909205772 0.08227111683057878
1 0.48060486150756265 0.8805619584994112 0.03564799498543501 0.07942076792151018
1 0.5041560217741193 0.8726256663675634 0.032477530878812465 0.07650558542370789
1 0.5804146448936576 0.8402333264504479 0.032659387305303156 0.08764764670504493
1 0.6515538590002802 0.8344978828427103 0.03238660266556703 0.07093455478303937
1 0.7872556782797524 0.795463593573196 0.029261602665566856 0.07080488760557102
1 0.8170568385463092 0.7872679670864117 0.033903638558944495 0.06821387305143913
1 0.9270636390211628 0.4570188241621156 0.1345976235152495 0.3062168424610339
1 0.8490091836900288 0.5994390192324345 0.07598348997087001 0.15903603660922336
1 0.4835864236608988 0.45871847144060585 0.12959187476889084 0.28652373445249174
1 0.35019961064963284 0.595083712949984 0.10033027210332382 0.21571884684692055
1 0.7658366340065978 0.3857670884211069 0.12281302586424765 0.15819552895091316
1 0.7747462842440247 0.222555107826616 0.11037051332783517 0.35253326548697017
0 0.34579560398571524 0.7692432540596095 0.0479206744523216 0.06601186002971225
0 0.49658286566419785 0.666951367783967 0.05922188730530316 0.0887498177135254
0 0.7369925684880494 0.4788236817949849 0.09285274122451134 0.14025059884295896
0 0.8119698364347381 0.47710442719591334 0.06211956677218957 0.07495190828932227
0 0.9438526707579051 0.672053424834477 0.07149456677218993 0.07534090982172716
0 0.8881793322781029 0.6868898361760433 0.038727530878812644 0.07676491977864443
0 0.7959032525737895 0.8396428371661393 0.017642141066226812 0.02856832267941836
0 0.653079255081072 0.8845399082256257 0.020903533386094963 0.03705453581788917
0 0.5810223986545812 0.8986643145887333 0.022284176959604097 0.025977308125286456
0 0.48918423964166574 0.928919475072856 0.020858069279472247 0.03426902049755491
0 0.4129028844688163 0.9627045726501385 0.02094899749271768 0.039840051138223434