1 0.13620309362299338 0.15625285028412278 0.035105340343633086 0.07935593433277628
1 0.3498904573723748 0.12468024620711907 0.036667840343633 0.07942076792151041
1 0.43142706241532897 0.11830228920012444 0.035105340343633176 0.07935593433277628
1 0.45502833672558846 0.11370376239046803 0.033542840343633175 0.07929110074404215
1 0.5350433853461075 0.10586821413457215 0.030663501809022265 0.08751797952757663
1 0.6063794747852294 0.07396678412343019 0.03181656603337366 0.07365523651463947
1 0.7415324027589619 0.05308007721139077 0.0294351944820761 0.045735249722562724
1 0.7721649270692215 0.04877330155103798 0.033795145861557074 0.03478768920742809
1 0.9228532445729332 0.29766132688226693 0.13696881275401296 0.30615200887229976
1 0.8278992706922148 0.20168722201535252 0.07637879353213642 0.15618568770015484
1 0.4871946263009959 0.5361643330398645 0.1284193283578455 0.28075820304562066
1 0.33895520013628555 0.47005172913420046 0.09989153663473135 0.2128036643491181
1 0.7719690959978427 0.4545520325751792 0.12300813206674714 0.1497741494011762
1 0.8001959153105765 0.6119023958773147 0.10719278154634893 0.3549946128636338
0 0.31339967944407066 0.30165655493382904 0.04711401741285455 0.06316151112064382
0 0.4731055500908571 0.32362233204091684 0.05870661465389269 0.08589946880445697
0 0.7310884684536513 0.3817384682164666 0.09299308344622811 0.13740024993389066
0 0.8049730257805976 0.34297050028759024 0.06298467887824373 0.07216639296898801
0 0.9113126362506186 0.07825278796558477 0.07235967887824372 0.07255539450139285
0 0.8552297325871454 0.09684256046802978 0.039710953188503595 0.07676491977864443
0 0.5981918385346108 0.03318781044617855 0.019241322930778536 0.017491094986815257
0 0.5281283220262674 0.048408565329682 0.022611984396167628 0.025977308125286317
0 0.43446353120766446 0.06822784702284188 0.019650758706427317 0.03141867158848655
0 0.3545303697422752 0.0732778799584035 0.01981453301668674 0.03698970222915508
0 0.14688828810506943 0.11207360669117941 0.018088258706427274 0.03135383799975242