1 0.1703125 0.09192200557103064 0.028125 0.07242339832869081
1 0.3796875 0.09749303621169916 0.0296875 0.07242339832869081
1 0.4578125 0.10584958217270195 0.028125 0.06963788300835655
1 0.48125 0.10584958217270195 0.025 0.06963788300835655
1 0.559375 0.11142061281337047 0.0234375 0.0807799442896936
1 0.6296875 0.09192200557103064 0.025 0.06406685236768803
1 0.7640625 0.08635097493036212 0.021875 0.06406685236768803
1 0.79375 0.0807799442896936 0.0265625 0.0584958217270195
1 0.93125 0.3649025069637883 0.10625 0.27298050139275765
1 0.840625 0.2562674094707521 0.0609375 0.1392757660167131
1 0.496875 0.520891364902507 0.1 0.25069637883008355
1 0.3546875 0.43454038997214484 0.0796875 0.1894150417827298
1 0.7765625 0.49303621169916434 0.1078125 0.11977715877437325
1 0.7984375 0.6518105849582173 0.0734375 0.3286908077994429
0 0.3359375 0.2646239554317549 0.0421875 0.052924791086350974
0 0.490625 0.31197771587743733 0.05 0.07242339832869081
0 0.740625 0.415041782729805 0.0796875 0.11420612813370473
0 0.8140625 0.38997214484679665 0.05625 0.055710306406685235
0 0.9265625 0.15041782729805014 0.065625 0.052924791086350974
0 0.871875 0.15598885793871867 0.03125 0.06685236768802229
0 0.76875 0.03899721448467967 0.015625 0.022284122562674095
0 0.6265625 0.04456824512534819 0.0171875 0.03064066852367688
0 0.55625 0.052924791086350974 0.0203125 0.019498607242339833
0 0.4640625 0.055710306406685235 0.0171875 0.027855153203342618
0 0.3859375 0.05013927576601671 0.0171875 0.033426183844011144
0 0.1828125 0.05013927576601671 0.015625 0.025069637883008356