0 0.7061680882122842 0.7170494345273535 0.13948414065150558 0.14627802290164632
0 0.5922246393007432 0.6736655357610826 0.09458830290255768 0.09903206405162625
1 0.5059448881196169 0.5602628803418988 0.09696925843752044 0.13046889780417328
0 0.5399180948357061 0.6382161109302278 0.038482146641955414 0.040496536157159965
0 0.5150718622589012 0.6603397597908024 0.05120040145127884 0.04982001619841231
0 0.4537350581752172 0.6409230311581002 0.051145837748947896 0.04773233352617849
0 0.4105753352170593 0.6448860946123287 0.06230159255827132 0.05693421989839111
0 0.4264086663425853 0.6680834961957 0.044623019237293705 0.036807545488850735
1 0.25579357677953873 0.7562647863772799 0.11624504809323426 0.09238364472924589
1 0.6771973839432656 0.41774104384771965 0.1926686827542902 0.33167581912621724
1 0.6002330906593548 0.48706112393423484 0.144355179126093 0.21332705575120778
1 0.3977157258685649 0.5079099873922143 0.12462303248413757 0.17428964362252353
1 0.4455530251429255 0.5346439005270148 0.06593751324684387 0.13638775511231577