0 0.30625 0.2916666666666667 0.121875 0.10833333333333334
0 0.4125 0.34791666666666665 0.08125 0.07291666666666667
1 0.4859375 0.46875 0.08125 0.10416666666666667
0 0.459375 0.38958333333333334 0.0328125 0.03125
0 0.4859375 0.37083333333333335 0.0453125 0.0375
0 0.54375 0.4 0.0453125 0.035416666666666666
0 0.5875 0.4 0.0546875 0.03958333333333333
0 0.571875 0.375 0.040625 0.025
1 0.746875 0.3125 0.10625 0.06041666666666667
1 0.3078125 0.5854166666666667 0.1484375 0.2833333333333333
1 0.3875 0.5270833333333333 0.115625 0.175
1 0.5875 0.5354166666666667 0.103125 0.13958333333333334
1 0.5421875 0.5020833333333333 0.046875 0.12083333333333333