0 0.37632729114693186 0.764085207074513 0.14735449710451584 0.15375329764030268
0 0.4699638211307212 0.6674171157367509 0.09880568114108108 0.10391423532891336
1 0.5148695986333112 0.519335477107038 0.10622007485477489 0.13756013953132262
0 0.5069886321317572 0.6074433668725278 0.040517992142117265 0.04327228748635261
0 0.5370763924708395 0.6177714596981398 0.05501713978475227 0.05634509177475916
0 0.5893088265074047 0.5676590432592489 0.053309090570540715 0.05210898106862442
0 0.6310232915612166 0.5524489811247187 0.06453768899896399 0.060884929289228895
0 0.6210318614535928 0.5800140733954277 0.04505994292790536 0.03927915822688602
1 0.8071512979713574 0.5780045820376336 0.12053513192686935 0.10058930504778435
1 0.3120870469379001 0.46972998259482357 0.21320643713693724 0.3418653792124604
1 0.4046213033480409 0.4985354603569254 0.1559332845319034 0.22080212459845308
1 0.6005116920993359 0.4177519058970267 0.1357277923897861 0.1783195268137721
1 0.5630866207592178 0.4662434000639638 0.07511562406898661 0.1405205976424493