1 0.935727908186605 0.5886779313789366 0.08637845574818712 0.10529613020133628
1 0.6065433682780184 0.4562775524755798 0.09190070967712849 0.08470527210332375
1 0.365590882546042 0.43756725591572254 0.2604496182780183 0.44285048631968127
1 0.6426156472283504 0.23818321245615984 0.1500086162111037 0.1847435970790489
1 0.03347835752465136 0.6233713077328935 0.02503854135632886 0.04674261546578696
0 0.9435254456139927 0.6555567638765091 0.04505994292790518 0.03919732664724667
0 0.6730052762597356 0.4827818757797832 0.02547518899896417 0.059242615465786956
0 0.5256678957806082 0.3075042069139797 0.061014582712657625 0.09390956259338559
0 0.3848675372179905 0.8107263978177102 0.1570205955329392 0.1621300244565333
0 0.02997452191650951 0.6794091419019875 0.013664393713693723 0.033818283803975176
0 0.6332065297743924 0.6612019542526243 0.02899829528527036 0.026091138558944255