1 0.06085711610971654 0.4527050408933854 0.0872717578219206 0.10593916829804707
1 0.3836583083019134 0.5898578775460251 0.0941742052052021 0.08546959298025267
1 0.6270897898860619 0.6084987942975097 0.26754860495108834 0.44906750489414143
1 0.3302162479338614 0.8096958326590065 0.15322995776545092 0.18801589908902608
1 0.9750253028990672 0.421160892171904 0.019189615756780753 0.04663360096751923
0 0.05678353711405162 0.384669325346067 0.04538809471009329 0.03953704488701864
0 0.31907986881113964 0.5628439768821638 0.027548147326811722 0.059497358983058274
0 0.4546316899848839 0.7392924152331948 0.061907736775233244 0.0964418093149888
0 0.6372207369869948 0.23320778788507854 0.16004139988706054 0.16546299043789847
0 0.9821244423333712 0.3661708136478941 0.009359589448421347 0.03578042468220571
0 0.37322758446909826 0.38061514917384415 0.029308068401734035 0.02839286218927389