1 0.0828125 0.45625 0.08125 0.1
1 0.409375 0.56875 0.0875 0.07916666666666666
1 0.65 0.5729166666666666 0.2390625 0.4270833333333333
1 0.36875 0.7895833333333333 0.1421875 0.175
1 0.9875 0.3645833333333333 0.025 0.04583333333333333
0 0.0765625 0.38958333333333334 0.04375 0.0375
0 0.34375 0.5458333333333333 0.0234375 0.058333333333333334
0 0.4875 0.7125 0.05625 0.08958333333333333
0 0.6390625 0.2 0.15 0.15208333333333332
0 0.9921875 0.30833333333333335 0.015625 0.03333333333333333
0 0.3875 0.3645833333333333 0.028125 0.025