0 0.882452991634224 0.5357255143877441 0.04196200692008247 0.0466860172470961
0 0.7831533285923624 0.5516877317695507 0.051782675893442945 0.06195626082892963
0 0.7296635726608633 0.5104441814439099 0.038773339923887915 0.04437951294946346
0 0.6424527327369755 0.4626729333007632 0.045469008897248565 0.05943093490589795
0 0.5413849812541007 0.44622136385659594 0.03870967292769336 0.042291830277229644
0 0.46278247878264284 0.42509320317986926 0.04677684091247088 0.051189615029662135
0 0.3771659723568521 0.378475207185539 0.05002917490485981 0.055583801999528705
0 0.29875447087397744 0.3636100945255138 0.054716674904859805 0.0559120344376271
0 0.21984822087397743 0.3580848484841911 0.04527800790866543 0.0531678868891966
1 0.8576705089344296 0.6433594600514292 0.09683519072219049 0.15885607302233712
1 0.7743141808735399 0.6708541989213996 0.09527269072219066 0.15874666220963743
1 0.7093285094287213 0.6360969568533315 0.09052152372599628 0.15633074709930544
1 0.6288942515200558 0.580467326678397 0.10158635771838505 0.1612719881326691
1 0.527508165056209 0.5535773438730606 0.09415585969555132 0.17325103010257492
1 0.45027716159616793 0.5262955459923319 0.09052152372599628 0.1563307470993053
1 0.3596057406456409 0.49286454952307324 0.09402852570316256 0.16907566475810729
1 0.28291590665325217 0.4833280543563321 0.08296369171077381 0.16413442372474327
1 0.2041051571475437 0.48093433232336014 0.10802735870696818 0.1679726794001684