0 0.829035598550503 0.7522390063647707 0.040815897540672094 0.044065132448093416
0 0.747431074546398 0.6703587414685838 0.050254530054229286 0.05872118865406387
0 0.6872839149054777 0.6719754363691633 0.0376908975406721 0.04404089149054779
0 0.5965907372123805 0.6556474486003395 0.04555793969514958 0.05660149388441198
0 0.5049617734149299 0.6038967339254628 0.0376818071815924 0.041957558157214456
0 0.43059757766965595 0.5699876778504203 0.045521578258831144 0.048268160551078645
0 0.3414714451560987 0.5547134772270361 0.04866475897699045 0.0524590681752907
0 0.2678703186926656 0.5166438147247133 0.05178975897699036 0.052483309132836574
0 0.19890669525429455 0.46715218032537575 0.04395907825883123 0.04825604007230571
1 0.8402543788011242 0.6377465766222333 0.09441359621281223 0.1528105620597027
1 0.7742839451560986 0.5580708498471083 0.09286018657189174 0.15488177491426333
1 0.7086089481811608 0.5461034564053162 0.08814541549465282 0.14859541347794475
1 0.6210862222834617 0.5402163762607048 0.09911927693097126 0.15701359016268793
1 0.5255964602814093 0.4988520270555626 0.09135222872636942 0.1673696544354905
1 0.4504691952542945 0.4691035774078004 0.08815450585373234 0.1506787468112781
1 0.36050272540671974 0.44028164987836305 0.08977154800821019 0.16319086729005092
1 0.2923521682251274 0.3980877423850785 0.07880677693097135 0.1568560239386412
1 0.22259820442767672 0.3465067144130212 0.10382495764913058 0.16121661826567302