0 0.15 0.3695198329853862 0.034375 0.031315240083507306
0 0.2421875 0.4196242171189979 0.0421875 0.04384133611691023
0 0.3 0.40083507306889354 0.0328125 0.031315240083507306
0 0.3859375 0.38413361169102295 0.0375 0.04384133611691023
0 0.484375 0.40501043841336115 0.03125 0.031315240083507306
0 0.5609375 0.4133611691022965 0.040625 0.03549060542797495
0 0.6484375 0.3987473903966597 0.040625 0.03966597077244259
0 0.7234375 0.4133611691022965 0.0453125 0.037578288100208766
0 0.796875 0.4363256784968685 0.0375 0.037578288100208766
1 0.159375 0.4801670146137787 0.0703125 0.1315240083507307
1 0.2359375 0.5365344467640919 0.06875 0.1315240083507307
1 0.3 0.5281837160751566 0.0640625 0.12943632567849686
1 0.384375 0.5031315240083507 0.075 0.1336116910229645
1 0.4828125 0.511482254697286 0.0640625 0.14613778705636743
1 0.559375 0.5156576200417536 0.0640625 0.12943632567849686
1 0.6484375 0.5135699373695198 0.0640625 0.1419624217118998
1 0.7203125 0.534446764091858 0.053125 0.1419624217118998
1 0.7953125 0.5594989561586639 0.0796875 0.13569937369519833