1 0.45449254593193655 0.2568669538471985 0.35663990813612684 0.513733907694397
1 0.17328896688246365 0.23515550827629886 0.2971720662350727 0.4703110165525977
1 0.7457011832706357 0.4232646448942776 0.10034219269935676 0.1925673427327357
1 0.9359150063886096 0.48272625178516443 0.09476335475263546 0.15929739627239864
1 0.8733977603429424 0.4589293525291264 0.06606535178688588 0.1361483057456704
1 0.8058746793163032 0.4472259291451901 0.0743871877564409 0.15551978514034986
1 0.8885306704190544 0.5048374810944173 0.052355678859192525 0.0905657034200658
1 0.6923215152858582 0.4364024694839799 0.04349001482874755 0.10873169285233282
1 0.6510107657801497 0.43577719262872183 0.05729784684397003 0.100306238115697
1 0.5919541007611218 0.4281769066165206 0.04435217787060921 0.0829589299077393
0 0.9370835755522506 0.5836287473819424 0.037401840912470875 0.05663821698023104
0 0.8686519105332227 0.5766860013492388 0.03427684091247087 0.05641903698706528
0 0.8275321620160975 0.569001900964569 0.04170733893530461 0.04284933991115635
0 0.8470143324723329 0.540627997476162 0.043588173916276673 0.05472363579009224
0 0.7725090809894583 0.5564217576079691 0.04521434091247105 0.057186166963145775
0 0.742008497491361 0.5597352331295717 0.038773339923887915 0.049688983447402225
0 0.7006977479856527 0.5591099562743137 0.04990184091247105 0.05751493695289462
0 0.6645029214076377 0.5135048220746572 0.041580004942915846 0.03814345755821518
0 0.6307327578714843 0.4935628608230112 0.022702670950527092 0.03212249524627891
0 0.5865835098486507 0.48256852866680144 0.025700336958138337 0.027635792886503488
0 0.3495835755522507 0.6248345860971273 0.1692195266917457 0.20209518493532627
0 0.13666708148374979 0.597495474452519 0.19973469764227278 0.23476563016451965