1 0.07400917345113595 0.4651948609373558 0.1289215611127411 0.327826240566603
1 0.234872691018134 0.49673965321867447 0.16644164488730998 0.27823238901095426
1 0.4797716330424343 0.5591511103284845 0.2051665462593975 0.3177584417522734
1 0.6404078554282906 0.3814478202671576 0.1643278785212934 0.21015727164006223
1 0.8364483537769829 0.4605259539943153 0.16822525560036672 0.28535661616938557
1 0.9540186104461817 0.43555760165481544 0.07803291070721455 0.09783144820564299
0 0.11500009045125173 0.7252105037558378 0.10365514230092637 0.11792236912552086
0 0.25446027946156907 0.6732319374312901 0.07988940991565101 0.10730309320444978
0 0.5387572627283457 0.7676725991125842 0.11450258357002652 0.16536256775686003
0 0.6301328509815115 0.5301138937652131 0.08138146664718818 0.1050376490013789
0 0.8720669803784578 0.6232467168931672 0.09120846898096989 0.11961399786745985
0 0.7164235039480893 0.5326475972345883 0.029335230010585175 0.03903421091749171
0 0.9457415673510979 0.49712329414706036 0.0243488403483146 0.029398618644075638