1 0.4293766422228745 0.24744217015674197 0.305565964380542 0.49488434031348394
1 0.13513962580748662 0.26015356298255615 0.23676300190615351 0.5203071259651123
1 0.7566772875773843 0.36362086811840155 0.08206910025920598 0.18195550579437283
1 0.9592329917357159 0.3817709499097447 0.07880264103046664 0.14660763242236102
1 0.8927728948092063 0.3717630243232117 0.053690680719844404 0.12673544356833222
1 0.8231328322113972 0.3748025026251223 0.06004150747744945 0.15048283350484404
1 0.914518245456159 0.4130603050853261 0.04570207205537335 0.08414040802562663
1 0.7033826563047645 0.3882436356303957 0.031699506278062714 0.10465244264030592
1 0.6618888463289782 0.39592220663584327 0.04886838084918194 0.0936666851535071
1 0.600851430186716 0.3997597280004023 0.037859136750800555 0.07910405792893042
0 0.9744909468501588 0.48202688821400486 0.03462909586203605 0.05314585591842112
0 0.9024852572419867 0.48986365652145025 0.031480996238214785 0.04831441447129183
0 0.860236288407723 0.4905341254473655 0.04082514467474855 0.03698714256854798
0 0.8760041002818114 0.459334664690593 0.040861563014723205 0.046376813930050324
0 0.8023424195967856 0.4907139142849831 0.042444717411627766 0.05113995249399043
0 0.7702246241050112 0.5015037947518601 0.0361485181639847 0.04147706959973211
0 0.7271704211948048 0.5080769597203089 0.04555639869547438 0.046581722579617235
0 0.6858404937489047 0.47350200959899597 0.040788726334773893 0.027597471207045633
0 0.6475630677843924 0.4587435053544974 0.020444438384852142 0.02670953372558841
0 0.6021933130812882 0.4572031622064151 0.02513016948060974 0.024567024534779998
0 0.376918067681681 0.6489295085731454 0.15868768428318608 0.16887042218800502
0 0.15621526776140748 0.6702973043046728 0.18853089861453423 0.1983371910531031