1 0.5796875 0.7429577464788732 0.265625 0.5140845070422535
1 0.8625 0.7136150234741784 0.196875 0.5704225352112676
1 0.2546875 0.6173708920187794 0.0703125 0.1643192488262911
1 0.0578125 0.6150234741784038 0.0703125 0.12910798122065728
1 0.121875 0.6220657276995305 0.0453125 0.11502347417840375
1 0.190625 0.6103286384976526 0.05 0.13615023474178403
1 0.0984375 0.57981220657277 0.0390625 0.07511737089201878
1 0.3046875 0.5868544600938967 0.025 0.09624413145539906
1 0.3453125 0.5774647887323944 0.0421875 0.08450704225352113
1 0.403125 0.568075117370892 0.03125 0.07042253521126761
0 0.0359375 0.5187793427230047 0.0296875 0.04460093896713615
0 0.10625 0.5070422535211268 0.0265625 0.04460093896713615
0 0.146875 0.5023474178403756 0.0375 0.028169014084507043
0 0.134375 0.5352112676056338 0.0375 0.03990610328638498
0 0.203125 0.49765258215962443 0.0375 0.04225352112676056
0 0.234375 0.4835680751173709 0.0328125 0.035211267605633804
0 0.2734375 0.47417840375586856 0.04375 0.03755868544600939
0 0.315625 0.5046948356807511 0.0375 0.02112676056338028
0 0.3546875 0.5164319248826291 0.01875 0.02112676056338028
0 0.3984375 0.5117370892018779 0.021875 0.018779342723004695
0 0.6046875 0.30985915492957744 0.1453125 0.13849765258215962
0 0.8171875 0.2699530516431925 0.171875 0.1596244131455399