1 0.29375 0.5264623955431755 0.0515625 0.17827298050139276
1 0.353125 0.4818941504178273 0.075 0.22841225626740946
1 0.403125 0.5682451253481894 0.01875 0.07799442896935933
1 0.4234375 0.520891364902507 0.0203125 0.12534818941504178
1 0.4859375 0.5041782729805014 0.0890625 0.2116991643454039
1 0.55625 0.5403899721448467 0.021875 0.14206128133704735
1 0.58125 0.5153203342618384 0.0234375 0.15877437325905291
1 0.63125 0.5069637883008357 0.0546875 0.1671309192200557
1 0.696875 0.4596100278551532 0.06875 0.20055710306406685
0 0.3046875 0.3788300835654596 0.0296875 0.03899721448467967
0 0.3578125 0.2924791086350975 0.0375 0.04178272980501393
0 0.3875 0.36768802228412256 0.021875 0.027855153203342618
0 0.46875 0.32590529247910865 0.0203125 0.04456824512534819
0 0.490625 0.30919220055710306 0.0375 0.0584958217270195
0 0.5609375 0.41225626740947074 0.0171875 0.027855153203342618
0 0.6 0.37047353760445684 0.0328125 0.052924791086350974
0 0.640625 0.3565459610027855 0.03125 0.04178272980501393
0 0.7 0.298050139275766 0.0484375 0.08356545961002786