1 0.909445504757511 0.49384170735756133 0.16175094499482015 0.33206752279176754
1 0.7426218777930402 0.47914745389593294 0.17584767824559702 0.2829295475792754
1 0.5048693207209457 0.43260553347059194 0.21622012117350237 0.3259669624892216
1 0.34759401406313584 0.6146556577376479 0.17068498924663303 0.21699243673942098
1 0.1573350411514411 0.5489351057924775 0.1760660020669146 0.28998837110868714
1 0.04299855934840615 0.5810677790242218 0.08125430810555187 0.10254541805518651
0 0.86076406389652 0.2481501828284154 0.10847177956950453 0.12418733078218512
0 0.7260594241117678 0.30699944272283375 0.08154540653397539 0.11195718276106872
0 0.4485551623249435 0.23151037549703102 0.12093754631872766 0.17379074813344064
0 0.3575020150965932 0.47122207229562857 0.08303513192686944 0.10963162053393717
0 0.12307566522042768 0.3929565144119432 0.09589900496239871 0.12161535801100239
0 0.27390826509659316 0.4697572985059909 0.030924668320799587 0.04052020003744153
0 0.0519947237402643 0.5176615725315415 0.024383569892376132 0.030998919534203036