1 0.2947938973194867 0.5266254757331426 0.06438187418757346 0.19674059917152206
1 0.3584297033258411 0.5674339674918016 0.08990007142762994 0.2514814070852562
1 0.4043774030015296 0.4761314781517802 0.022665932629559828 0.08236895901365388
1 0.42747002962473496 0.5223454885269445 0.027844356330665933 0.13284873793480487
1 0.49081946347211086 0.5339060694220938 0.10379893019392786 0.23578982462865375
1 0.5598870633099551 0.4916031057775709 0.029570497564368026 0.14967533090852203
1 0.5874080913131323 0.5116952237646939 0.03442163879807012 0.16672892598566202
1 0.6381893413131323 0.515384007945316 0.06580800649282174 0.18292652362156217
1 0.709664920858437 0.5595455202828667 0.08181483603812652 0.22305874862335642
0 0.31500303165332993 0.6770125579915629 0.03171365016215581 0.04962378147991145
0 0.3727979407439394 0.7591497753483901 0.041088650162155814 0.05030478779018016
0 0.39935075811437953 0.680356099463647 0.025300008928453722 0.03245668535106001
0 0.4840121302733581 0.715733067119575 0.022338650162155815 0.04894277516964273
0 0.5083536111986346 0.7300271523626066 0.04284206493480802 0.06991689608423142
0 0.5720927828711458 0.6219240755350942 0.020639782467404187 0.034901697516259995
0 0.6153751785690748 0.6570787806410031 0.03807274431795715 0.061219846968094356
0 0.657658135955401 0.6698926126583822 0.034838650162155815 0.04985078358333446
0 0.7222251964259823 0.7260781892047354 0.05402502678536116 0.09578104132922008