1 0.0703125 0.568075117370892 0.140625 0.3004694835680751
1 0.240625 0.5187793427230047 0.14375 0.2511737089201878
1 0.471875 0.42488262910798125 0.1796875 0.284037558685446
1 0.6390625 0.5751173708920188 0.146875 0.18309859154929578
1 0.8203125 0.4765258215962441 0.14375 0.25821596244131456
1 0.9359375 0.4859154929577465 0.0703125 0.08450704225352113
0 0.1109375 0.3145539906103286 0.09375 0.10093896713615023
0 0.246875 0.34507042253521125 0.0703125 0.09624413145539906
0 0.515625 0.215962441314554 0.1015625 0.14788732394366197
0 0.61875 0.43661971830985913 0.071875 0.09389671361502347
0 0.8453125 0.3145539906103286 0.0828125 0.10328638497652583
0 0.703125 0.42018779342723006 0.025 0.03286384976525822
0 0.9234375 0.42488262910798125 0.021875 0.025821596244131457