1 0.7315733075960417 0.49324748957462866 0.06877936305535748 0.19803986398696838
1 0.6718951997317688 0.44154578437538783 0.09550846302712265 0.25330037782688103
1 0.6182843523202524 0.5275811048605953 0.02451415258848364 0.08282370169906021
1 0.5985865023484872 0.47633511450336674 0.030839747298576903 0.13340092548136961
1 0.5368754576242765 0.4583515584923322 0.10902493145709151 0.237901129953754
1 0.4642570049793232 0.4902823819639282 0.03294827886860805 0.1502600000754728
1 0.4375201997317687 0.4634431851900289 0.03818181043863902 0.16741104001377122
1 0.3862384207925736 0.45286728777136276 0.06988683674699843 0.18425827005739467
1 0.3201738050357929 0.39757124028001095 0.0867859104104042 0.2247153112630505
0 0.723397515573254 0.3389433546402723 0.03279708944842134 0.0502734138876346
0 0.6718658366764112 0.24876129658393328 0.042172089448421345 0.05114930992022029
0 0.6390302208490433 0.32307654737465313 0.026001057878390375 0.03297639127723857
0 0.5567868682464423 0.27627710624116186 0.023422089448421345 0.04939751785504891
0 0.5334480787839034 0.2575024900840702 0.04437162628012441 0.07079389983465774
0 0.4615422576807463 0.3592171792361203 0.021404563140062293 0.035323958581279985
0 0.42171391823232485 0.3154399942568292 0.039411110495108835 0.06199940585736211
0 0.3795341235081141 0.2956316548445746 0.035922089448421436 0.050565379231829834
0 0.31949199459715383 0.23278788836399666 0.056128173635171044 0.09688541642234932