0 0.12395437870600652 0.6832946028150938 0.05912173328250003 0.0763454945882169
0 0.28091419994440936 0.5942596466476822 0.07641833605604172 0.08299550649282186
0 0.37520971381211765 0.560827763531655 0.07154899810013901 0.0724697456703538
0 0.5722853887739927 0.5000139913472981 0.06856946846486114 0.08073034956648613
0 0.7241394827138192 0.435046462669021 0.07660017401194459 0.09341217315948841
0 0.8962697090624652 0.37168952598227134 0.06875130642076428 0.09114701623315279
1 0.08687456563572883 0.5258885698060721 0.1492765674386807 0.23046525216317554
1 0.2329696220564928 0.43294150000219683 0.14251872758291687 0.29070009523683993
1 0.35885997483003446 0.42376414015486036 0.13314242116215294 0.2009349383105043
1 0.5452345391345832 0.34966325433403994 0.1477504350298613 0.23251222077790837
1 0.6955988682567706 0.2805654237076967 0.14299019984750014 0.2282364599554403
1 0.8748330797877776 0.21287817912057835 0.11744468597979178 0.19640462445783308