0 0.1140625 0.43333333333333335 0.046875 0.06041666666666667
0 0.2765625 0.47291666666666665 0.0640625 0.0625
0 0.3734375 0.47291666666666665 0.0609375 0.05416666666666667
0 0.56875 0.46875 0.0578125 0.06041666666666667
0 0.7234375 0.48333333333333334 0.0625 0.07291666666666667
0 0.8984375 0.4895833333333333 0.0546875 0.075
1 0.1015625 0.5979166666666667 0.1140625 0.19375
1 0.2546875 0.6416666666666667 0.09375 0.2625
1 0.3765625 0.6104166666666667 0.1015625 0.16666666666666666
1 0.565625 0.6229166666666667 0.1109375 0.19583333333333333
1 0.71875 0.6395833333333333 0.10625 0.19375
1 0.9 0.6479166666666667 0.0859375 0.17083333333333334