0 0.11899667022917955 0.518357363649884 0.0530628155185485 0.07155134783255322
0 0.2850392073761981 0.510731410442821 0.07185827962517113 0.07465335310499685
0 0.38142847406924557 0.5294937707974278 0.06698892319868044 0.06606535178688588
0 0.5789854356685857 0.5714398261580855 0.06404577962517113 0.07422890646370088
0 0.7361303459351425 0.5851795369814672 0.07213106426490726 0.08715335310499674
0 0.9123662370013692 0.6155629197439594 0.06431856426490726 0.08672890646370088
1 0.11455555964605373 0.35060658565242103 0.1342793747688908 0.21746248091217926
1 0.2726719365265156 0.33734785247072874 0.12167172618081654 0.28336514362451326
1 0.3940301109788372 0.3918009974133529 0.11958037727617325 0.18753181029118007
1 0.5865358597251961 0.41682571812256647 0.13276233887551356 0.2194609249172534
1 0.7404875738318186 0.42727065028942995 0.12646687476889068 0.21703803427088342
1 0.9244677687381115 0.45495347969321787 0.10243834138279588 0.18868136101366229