1 0.09375 0.23618090452261306 0.1109375 0.23869346733668342
1 0.303125 0.24120603015075376 0.0875 0.2613065326633166
1 0.41875 0.36180904522613067 0.1828125 0.2236180904522613
1 0.5109375 0.16834170854271358 0.0828125 0.09547738693467336
1 0.584375 0.1984924623115578 0.0640625 0.23115577889447236
1 0.675 0.20603015075376885 0.021875 0.23869346733668342
1 0.75625 0.29396984924623115 0.084375 0.3015075376884422
1 0.9 0.24120603015075376 0.1046875 0.25879396984924624
1 0.990625 0.3442211055276382 0.01875 0.1658291457286432
0 0.0671875 0.03768844221105527 0.0671875 0.06532663316582915
0 0.3234375 0.04773869346733668 0.065625 0.08542713567839195
0 0.5453125 0.27386934673366836 0.0734375 0.16834170854271358
0 0.5125 0.03768844221105527 0.046875 0.0728643216080402
0 0.584375 0.02512562814070352 0.0453125 0.035175879396984924
0 0.7015625 0.035175879396984924 0.0625 0.06532663316582915
0 0.7484375 0.07035175879396985 0.0765625 0.10552763819095477
0 0.9015625 0.010050251256281407 0.0734375 0.020100502512562814