1 0.08416540818660515 0.6724161509670215 0.13747438296032674 0.2768222263672923
1 0.2955952138109576 0.7283275955429411 0.1192338052100677 0.2933989285489019
1 0.4208820041338292 0.6373036738762492 0.21410965756743253 0.2836512382189188
1 0.5029582576484859 0.8594539442045861 0.09717040653397539 0.12366560747986119
1 0.5807193846129566 0.8512575675662672 0.09321496071058562 0.25672705874570834
1 0.6731979830413801 0.8665228708408593 0.05095468610347993 0.25183320288606786
1 0.7626393186495217 0.8036585509800716 0.12196069892376152 0.3337891571874203
1 0.9058114298982268 0.8756248136768744 0.13805657981717373 0.24875037264625122
1 0.9929731160039614 0.8169847388339754 0.014053767992077226 0.17251609766469642
0 0.05074294023730909 0.8654312158604882 0.05374573821317572 0.07846948461770184
0 0.30446940777232034 0.9274959621398767 0.07627570967712849 0.10237097271061013
0 0.5453961606678044 0.7625086099860992 0.09608309553293921 0.1940186514622705
0 0.4981487872179905 0.975966622840877 0.05523546360606986 0.04806675431824593
0 0.7410811499144375 0.9810404147890025 0.09124573821317572 0.037919170421995