1 0.12862304170003425 0.8752253024145649 0.14556968597979178 0.24165273875313825
1 0.3326208638883676 0.803517513384597 0.1260209053945834 0.2932759296993878
1 0.43022452213274265 0.6398738778594799 0.21348453780340293 0.2956768419896839
1 0.5451754152751385 0.78781594391003 0.09553201196784719 0.12838001550126857
1 0.6131630022811108 0.7287667150453437 0.09891289152687506 0.2540958968316497
1 0.7012448837399996 0.6836522349158516 0.05817878875333342 0.24427695209098274
1 0.7693240429343053 0.5643453688269086 0.12969141926229177 0.33113985316417033
1 0.9169802929343053 0.5560538795882901 0.14168227298576425 0.2966658987820951
1 0.9822072090624652 0.41807827364754696 0.024311628609097368 0.16957007731880522
0 0.37729562462194394 0.9528953448299428 0.07728985182361114 0.05455054699772765
0 0.565598324469444 0.6711851669404295 0.09807643692972227 0.19630695210803162
0 0.5628701019205203 0.9136036081847867 0.0575228656913195 0.09109836105955511
0 0.6349451236720134 0.8957484438716701 0.04916485182361115 0.052971215714181535
0 0.7489900930868052 0.8366234293285753 0.07154899810013901 0.08937546388725781
0 0.7903424449104163 0.7840909167487123 0.09095361474138883 0.1356544820628884
0 0.9481185773192358 0.7777416762495503 0.07565461664124981 0.049437680742723394