1 0.05868937523110921 0.6373239436619719 0.11737875046221842 0.32629107981220656
1 0.2642467049354226 0.11150234741784038 0.13400659012915472 0.22300469483568075
1 0.89124346245727 0.21009389671361503 0.21596729546028862 0.3403755868544601
1 0.2541596849436699 0.5516431924882629 0.18722251834240006 0.22769953051643194
1 0.2973066282006101 0.744131455399061 0.09532452335696498 0.1619718309859155
1 0.810792466680412 0.7335680751173709 0.12388744404836274 0.2652582159624413
1 0.7472049912910184 0.5880281690140845 0.06035848997087001 0.13145539906103287
0 0.03427674544765348 0.8673708920187794 0.06855349089530696 0.10093896713615023
0 0.31250206769662653 0.8873239436619719 0.07860838479802065 0.1056338028169014
0 0.36450013987909263 0.6631455399061033 0.07437552586424748 0.12910798122065728
0 0.5449150655850555 0.6255868544600939 0.07847199247815269 0.09859154929577464
0 0.29371158142017306 0.36502347417840375 0.1467506310370969 0.15492957746478872
0 0.7607112133151999 0.45539906103286387 0.12915395407749272 0.13380281690140844
0 0.7972110029695009 0.5070422535211268 0.05118206677218975 0.06103286384976526
0 0.712960371932404 0.6619718309859155 0.04842077962517131 0.07981220657276995
0 0.7845756444979461 0.9577464788732394 0.08913670783841639 0.08450704225352113