1 0.075 0.2981220657276995 0.1296875 0.2981220657276995
1 0.25 0.863849765258216 0.1125 0.27230046948356806
1 0.88046875 0.8321596244131455 0.2234375 0.33568075117370894
1 0.2734375 0.4061032863849765 0.165625 0.19953051643192488
1 0.3296875 0.22769953051643194 0.08125 0.14788732394366197
1 0.8234375 0.3004694835680751 0.1 0.24413145539906103
1 0.75 0.431924882629108 0.05 0.11971830985915492
0 0.075 0.07276995305164319 0.084375 0.08450704225352113
0 0.35625 0.09154929577464789 0.0703125 0.09389671361502347
0 0.3875 0.3145539906103286 0.0640625 0.11737089201877934
0 0.559375 0.3732394366197183 0.0703125 0.08685446009389672
0 0.296875 0.5892018779342723 0.1296875 0.13380281690140844
0 0.753125 0.5633802816901409 0.115625 0.11267605633802817
0 0.7921875 0.5187793427230047 0.0453125 0.051643192488262914
0 0.7234375 0.3568075117370892 0.040625 0.07276995305164319
0 0.8140625 0.08215962441314555 0.0796875 0.07511737089201878