1 0.06170894963244285 0.3961923117699116 0.1234178992648857 0.34376561120196086
1 0.2616839801575148 0.8733775955854403 0.15193044536847414 0.23398339576982047
1 0.8730178466053572 0.6837988398851922 0.21705741997024233 0.39855073631691806
1 0.24778230175131458 0.44389002521551657 0.19953492460832448 0.2548118249884952
1 0.2906243198579404 0.246309669230808 0.10614361171778088 0.1757328868715141
1 0.8004584209415625 0.16663364654677415 0.14105118963398405 0.28038532951182
1 0.736400972517401 0.3229508732109628 0.07040257186092863 0.13667153799534662
0 0.03398436527005554 0.16744311819369515 0.06796873054011109 0.1111231532839712
0 0.3050989400700665 0.10035994582838759 0.0853138863937183 0.11622780626385638
0 0.3585043806438962 0.31600599253894596 0.08308616428434965 0.14191279674160986
0 0.5372805326056878 0.31992240161568286 0.08506784048159134 0.10918555274272963
0 0.2877150228381516 0.6202788460299855 0.15457489844816735 0.17550285840999771
0 0.7507104811700994 0.45006551091316416 0.13654034791165648 0.15127734829116274
0 0.787025628155248 0.39457223715436757 0.05550456622836482 0.06804999755894255
0 0.7043916289944742 0.25520471035004105 0.053030798206869276 0.08669273451556925
0 0.7725088349687304 0.0005515045411855596 0.09191503741778187 0.001103009082371119