0 0.09621454194042282 0.879024884965272 0.04301517095052709 0.033838051738596414
0 0.3698775350203406 0.9066686193459872 0.05790534190105419 0.06546169026805039
0 0.3695631531188489 0.6595696404886485 0.07343218281352515 0.12055950720126024
0 0.4829863245636676 0.6166744289666322 0.07148768083635879 0.10635197720294325
0 0.6115888270351255 0.5889809127666101 0.08873884783255317 0.11005264756001701
1 0.11940930281483775 0.7998992863260207 0.1137043557412186 0.16823602006998323
1 0.39649838483006017 0.7874523829862558 0.11714769072219058 0.18021915518398812
1 0.5595886338414771 0.7816387375987494 0.10821835969555131 0.19591294233023632
1 0.4309463220922097 0.6383398203195438 0.08538835475263547 0.15897935333971402
1 0.5496100918638731 0.488452562626343 0.11022652866891214 0.21246789016892906
1 0.6645785172630244 0.41732682554178785 0.1401342045623551 0.28041000290858803