1 0.8348695607178482 0.784733374476131 0.08147572930778502 0.13084498251857068
1 0.7734639919709412 0.6289488386075489 0.05747166327441171 0.07485325882178828
1 0.6911737924004826 0.69714552285996 0.06050813206674714 0.11276623308344323
1 0.5769298286965296 0.5453870889858664 0.05952548620519007 0.08755614904982978
1 0.2992884283124169 0.3404341383582183 0.033542840343633085 0.06078049363645995
1 0.05503157451265821 0.6520692000470739 0.034859678878243795 0.05457582083929136
1 0.0489929364530173 0.6171117898671512 0.014963258706427274 0.023989877598591957
1 0.27530205167273675 0.4248562484431225 0.03502345318850333 0.05877750151156027
1 0.7307287788328153 0.21236945263000323 0.04785100180902226 0.06796364854597628
1 0.6257004421072269 0.2770464974833758 0.033215291723114146 0.05237713229192226
1 0.5739841338757694 0.2098886485773798 0.02811835594746519 0.041579385977545666
1 0.3870097563315781 0.25162044358940167 0.025402791723113972 0.051887891235748385
0 0.8197115502023987 0.6957642187742232 0.05064845318850324 0.059755983623908014
0 0.7923501108087054 0.553638041295928 0.03247830732694616 0.03346956926671229
0 0.680290524083117 0.6178747691987442 0.042426517412854636 0.04876254088706187
0 0.557654206240721 0.4907393300908554 0.03913774310259512 0.044365163792323414
0 0.7176622127994416 0.1570626664118641 0.034450243102595125 0.044071619158619214
0 0.6375210114199608 0.16042684487781145 0.027627033016686654 0.02897434396073894
0 0.5715241971956095 0.16677249758100612 0.02606453301668683 0.028876495749504166
0 0.3891144889187236 0.20564657672253062 0.01956887155129756 0.022182581896161707
0 0.28412045171816525 0.3111921599192902 0.019650758706427317 0.02428342223229616
0 0.2877268085701417 0.3837200756215463 0.021131371551297563 0.02228043010739648
0 0.035670742875452424 0.6152296599035885 0.013564533016686775 0.028093710059626093
0 0.3003673286965297 0.5280679555973128 0.02293953301668683 0.028680799327034736
0 0.33050520804974337 0.5414816934595129 0.02162269448207601 0.034885472124203086