1 0.2953125 0.5168831168831168 0.109375 0.22077922077922077
1 0.434375 0.4987012987012987 0.1234375 0.18181818181818182
1 0.646875 0.5454545454545454 0.125 0.19480519480519481
1 0.559375 0.6285714285714286 0.1015625 0.17922077922077922
1 0.7640625 0.4597402597402597 0.115625 0.22077922077922077
0 0.2734375 0.35584415584415585 0.065625 0.1038961038961039
0 0.1625 0.587012987012987 0.0453125 0.046753246753246755
0 0.4734375 0.35064935064935066 0.096875 0.08311688311688312
0 0.625 0.4051948051948052 0.0796875 0.11168831168831168
0 0.7609375 0.2675324675324675 0.0921875 0.08311688311688312
0 0.9671875 0.23116883116883116 0.0640625 0.0987012987012987