0 0.0078125 0.1619718309859155 0.015625 0.04460093896713615
0 0.0890625 0.43661971830985913 0.0546875 0.05868544600938967
0 0.4328125 0.14553990610328638 0.0421875 0.04225352112676056
0 0.43125 0.1784037558685446 0.05 0.051643192488262914
0 0.4921875 0.19953051643192488 0.0546875 0.06807511737089202
0 0.775 0.29577464788732394 0.065625 0.06338028169014084
1 0.025 0.2699530516431925 0.0484375 0.1431924882629108
1 0.06875 0.5610328638497653 0.084375 0.13849765258215962
1 0.528125 0.33098591549295775 0.08125 0.1784037558685446
1 0.7140625 0.4507042253521127 0.1265625 0.2112676056338028
1 0.03203125 0.9730046948356808 0.0515625 0.0539906103286385
0 0.0796875 0.9553990610328639 0.04375 0.07042253521126761
0 0.121875 0.9847417840375586 0.040625 0.03051643192488263