0 0.004615640670515402 0.41561815017964643 0.009231281341030803 0.0369455178225253
0 0.03542405680956685 0.4927841306992929 0.03671038981258558 0.039853024868585864
0 0.10765675798406579 0.5505251826476766 0.024073997492717547 0.03261165653484852
0 0.14891825547678333 0.5173316446539392 0.025545569279472158 0.02811910030383832
0 0.21155464779665137 0.5083975302579795 0.020858069279472247 0.02796040536050503
0 0.2507762721698308 0.4991205269423229 0.028670569279472157 0.028224896932727263
0 0.22477972499368234 0.3546446003049997 0.030414925705962936 0.037368704338080955
0 0.6667913802456742 0.27040909381348405 0.03537521034569906 0.05116376291777782
0 0.7248683046979958 0.21620557806353446 0.025909282132453627 0.04630091848565657
0 0.8476358664556205 0.08940513512403937 0.03041492570596276 0.03736870433808083
0 0.8230784841648824 0.2242366206171707 0.017642141066226812 0.023309154186161668
0 0.911816723740041 0.31548670019757463 0.016170569279471893 0.027801710417171742
0 0.8469646135526269 0.27907206576787774 0.009693248746359018 0.016226480795757618
1 0.10145823376917099 0.4701078560380807 0.04713106426490725 0.09244314202797985
1 0.16294731472712565 0.3624159019073735 0.04855717194503919 0.08567785852424249