1 0.1203125 0.12705882352941175 0.065625 0.10823529411764705
1 0.6671875 0.2564705882352941 0.05 0.12
1 0.9265625 0.5341176470588235 0.0921875 0.17176470588235293
1 0.4984375 0.3270588235294118 0.0625 0.12470588235294118
1 0.66875 0.9494117647058824 0.08125 0.1011764705882353
1 0.15625 0.6823529411764706 0.0796875 0.16470588235294117
1 0.29375 0.9447058823529412 0.09375 0.11058823529411765
0 0.128125 0.05176470588235294 0.0375 0.03294117647058824
0 0.6734375 0.1623529411764706 0.0375 0.042352941176470586
0 0.46875 0.31529411764705884 0.0453125 0.07764705882352942
0 0.146875 0.5670588235294117 0.05625 0.047058823529411764
0 0.2828125 0.7764705882352941 0.0609375 0.05176470588235294
0 0.2890625 0.8447058823529412 0.0703125 0.06588235294117648
0 0.659375 0.851764705882353 0.0640625 0.07764705882352942
0 0.90625 0.4164705882352941 0.0546875 0.05647058823529412
1 0.3140625 0.8376470588235294 0.0265625 0.08235294117647059