0 0.0692700188183922 0.7183944361528667 0.1385400376367844 0.13230639378821157
0 0.19280585256676183 0.7274227310424463 0.0942637303552929 0.11049927333003401
0 0.3750040765119139 0.6429917005892176 0.10669095574818703 0.1092894029847514
0 0.5478979210113959 0.6018149178368541 0.0983690334984459 0.0941601552838866
0 0.6691201036002191 0.5673661699101996 0.10847177956950453 0.11564858585825798
0 0.7828594259737947 0.4794058525579164 0.08743153349844608 0.09339587516934209
0 0.8688482758499602 0.5388620202048084 0.1333647717116218 0.15895299562751955
1 0.3173864373463342 0.3737282308166568 0.20946500702931328 0.374173708728465
1 0.5123543349889693 0.347634963065118 0.1781036910658786 0.324182567465178
1 0.6513826017381923 0.2942768701965604 0.14990591645877274 0.3201339424087306
1 0.7686643010762385 0.2164602623271781 0.14340335938667828 0.3570880280411988
1 0.8574742440041441 0.20658131464010282 0.24591623738460627 0.41316262928020564