1 0.03711314191745 0.6181251106490939 0.0456051658792491 0.09516127920531126
1 0.5436533185964724 0.5877967380205285 0.10242065027015243 0.2043635745907805
1 0.8576066911918104 0.5789683709118877 0.0764385036281972 0.15396500835965143
1 0.9385689705959053 0.28419709081576505 0.0257093281303014 0.036470989629457586
1 0.6299157116102305 0.48381705171323325 0.0230208377489479 0.05872270088399268
0 0.027854703805682314 0.5443899829305835 0.022529764427970278 0.03365306300098432
0 0.50456104754508 0.4670076544566216 0.04144345553496294 0.042204076810821285
0 0.4807688834799295 0.4491448896854916 0.0321230192372937 0.044892358206738536
0 0.8332862482707195 0.49424513562570066 0.045277783665263985 0.07844818728330569
0 0.9049777097961321 0.40434697963373706 0.00808531851165455 0.014008604872018975
0 0.9325273017214315 0.2550058997414986 0.009702382213985316 0.01681032584642266
0 0.6284251334799296 0.4476134553759225 0.012718254809323426 0.01127170651389306
1 0.4838046034428626 0.5243375976804472 0.032886911069925515 0.0838895726914182