0 0.1625 0.284037558685446 0.04375 0.046948356807511735
0 0.23125 0.34507042253521125 0.0296875 0.051643192488262914
0 0.2640625 0.44835680751173707 0.0296875 0.046948356807511735
0 0.3828125 0.2887323943661972 0.0296875 0.03755868544600939
0 0.471875 0.11032863849765258 0.021875 0.04225352112676056
0 0.478125 0.01643192488262911 0.025 0.025821596244131457
0 0.54375 0.03990610328638498 0.0375 0.028169014084507043
0 0.8734375 0.30985915492957744 0.03125 0.046948356807511735
0 0.5453125 0.4225352112676056 0.0390625 0.051643192488262914
0 0.4296875 0.42018779342723006 0.0421875 0.051643192488262914
0 0.49375 0.31690140845070425 0.0390625 0.046948356807511735
0 0.8796875 0.09154929577464789 0.028125 0.03990610328638498
1 0.2078125 0.4154929577464789 0.0453125 0.12206572769953052