0 0.09375 0.3729166666666667 0.121875 0.09583333333333334
0 0.2109375 0.32916666666666666 0.078125 0.08541666666666667
0 0.3921875 0.3625 0.090625 0.08125
0 0.5609375 0.35625 0.084375 0.06875
0 0.6796875 0.35625 0.09375 0.0875
0 0.7953125 0.41041666666666665 0.0734375 0.07083333333333333
0 0.871875 0.32916666666666666 0.1109375 0.12291666666666666
1 0.359375 0.6395833333333333 0.1546875 0.3229166666666667
1 0.546875 0.6125 0.13125 0.2791666666666667
1 0.6828125 0.625 0.103125 0.2833333333333333
1 0.8015625 0.6708333333333333 0.0921875 0.325
1 0.890625 0.6895833333333333 0.1765625 0.41875