1 0.1640625 0.5026455026455027 0.203125 0.4656084656084656
1 0.8078125 0.43915343915343913 0.134375 0.36772486772486773
1 0.9453125 0.544973544973545 0.1078125 0.3544973544973545
1 0.4890625 0.35185185185185186 0.0859375 0.17195767195767195
1 0.684375 0.6084656084656085 0.103125 0.17989417989417988
0 0.2140625 0.14285714285714285 0.1328125 0.164021164021164
0 0.4625 0.18783068783068782 0.0578125 0.06084656084656084
0 0.596875 0.4074074074074074 0.065625 0.10052910052910052
0 0.6796875 0.42857142857142855 0.0625 0.08465608465608465
0 0.784375 0.11904761904761904 0.14375 0.12698412698412698
0 0.9375 0.24074074074074073 0.1234375 0.10317460317460317