1 0.1671046450065892 0.48844158899140505 0.22515557786604776 0.5123630637615592
1 0.8327478257247485 0.516015419308667 0.1513453731437835 0.39998226713765933
1 0.9534279643866258 0.6426865590659216 0.09034424063022613 0.37840459047638053
1 0.5066034822424108 0.37786879092179754 0.09439541549465283 0.19295973924220414
1 0.6985995638208917 0.6712202046816297 0.11316359621281222 0.19919094438507465
0 0.23164036455957646 0.1255196517066833 0.1428147347764936 0.19004729328834205
0 0.48609606040304615 0.20573932174084272 0.06117384933607006 0.07197555464536375
0 0.6149517925472612 0.4548508690718687 0.07224770472226431 0.11230361617764392
0 0.7000125937769252 0.486908662278763 0.06750566256778648 0.09615695547548064
0 0.8190449157892404 0.1823909583848849 0.15205337939029953 0.15072257755739005
0 0.95217505747618 0.3242684011286332 0.09414088544042372 0.11868918221302642