0 0.1796875 0.009389671361502348 0.0390625 0.018779342723004695
0 0.453125 0.03990610328638498 0.0515625 0.04460093896713615
0 0.415625 0.28169014084507044 0.0578125 0.10093896713615023
0 0.5203125 0.34507042253521125 0.059375 0.08450704225352113
0 0.64375 0.39906103286384975 0.0765625 0.08215962441314555
1 0.1890625 0.09154929577464789 0.0921875 0.13615023474178403
1 0.4609375 0.1619718309859155 0.09375 0.1431924882629108
1 0.621875 0.20187793427230047 0.0828125 0.16666666666666666
1 0.471875 0.31220657276995306 0.065625 0.13615023474178403
1 0.565625 0.4835680751173709 0.0828125 0.18309859154929578
1 0.66875 0.5751173708920188 0.103125 0.24178403755868544