0 0.16638907357508442 0.602917067918199 0.07598417984777565 0.08856451970411892
0 0.21763323859411243 0.6120375775610151 0.09342634783255326 0.09773699350134107
0 0.2985304115218059 0.5685310297676242 0.2270612015966055 0.2355211453192531
0 0.44100175441144324 0.5015164322417619 0.07423067885919252 0.0820488402680078
0 0.4981112588600675 0.4706157656452101 0.0983048488211363 0.10435299732691575
0 0.5755160172630245 0.41322600264899356 0.0983048488211363 0.10435299732691575
0 0.7437580454004639 0.7684738106625469 0.1069450197716634 0.1326210496798851
0 0.8127149283277199 0.44221419898687647 0.14064885771838503 0.16384686956235656
1 0.1371340192030098 0.9591224625308428 0.03928267589344294 0.06154872025977027
1 0.16988285220681543 0.960224228855268 0.04884867688202617 0.0683152106695403
1 0.13663258939241518 0.5005221981454979 0.05765067391627658 0.049219632113793085
1 0.17119593178776094 0.4402015506768197 0.13456068380210837 0.11628258987471281
1 0.2161476289357422 0.23959404753266259 0.3134682282883512 0.4126985449625482
1 0.4117837811031889 0.3280510350086202 0.12741402866891213 0.1914126511890806
1 0.48148346885962995 0.19268232686645093 0.22239755931499056 0.38536465373290185
1 0.5912431294300337 0.2243223621763403 0.1642720415204934 0.27656794361111137
1 0.7995623068063515 0.16253093976144595 0.254000386387297 0.3250618795228919
1 0.717312245019903 0.5540099753726045 0.20798754942915867 0.3296464607999043