1 0.9686241134788804 0.5488781378864963 0.02340667889684269 0.09549517046416851
1 0.4534163424321932 0.5866211123436936 0.10517188936371688 0.21064753549729573
1 0.1272255687546699 0.6159731411985007 0.08009629465362353 0.15943515932069105
1 0.04013363438439366 0.3223731849506895 0.027745568401734033 0.037485137444596556
1 0.3622067844832157 0.49012214070044413 0.023877115756780663 0.06224266220927556
0 0.4928043370999342 0.45563588141211964 0.04346157366340577 0.04107116600677756
0 0.5176601239316371 0.4349386482518502 0.03426858418674961 0.04614177109169128
0 0.1519217318664972 0.5287304789892251 0.049423147326811766 0.08020253013098745
0 0.07523740550166821 0.4411858913230148 0.00983002630835923 0.014373839359530885
0 0.045822192262783994 0.291575154159813 0.00835853157003109 0.01707079205886828
0 0.3650433581466216 0.45115242673311495 0.01295502630835923 0.014535489516411499
1 0.5151119766048253 0.512716426029628 0.0340711631118273 0.08772761267991756