0 0.06390795866486372 0.021122536922899934 0.022184082670272564 0.04038330529074632
0 0.10383188263845584 0.3148029450256418 0.06308180267345423 0.07638927562061969
0 0.48570059532145515 0.14029324860145853 0.04729317067154533 0.054939015538994204
0 0.47763355665181884 0.17309753032535163 0.05677725867281787 0.06922093629385191
0 0.5351369739815462 0.2141105514508955 0.06315452800763595 0.0858010403265021
0 0.7993620112985471 0.39994144342676463 0.07409202800763612 0.08599269297187528
1 0.066205707988546 0.12823611835098975 0.06838746801399935 0.15647141246863683
1 0.06622224729472904 0.4294536573632336 0.10437951201463569 0.1641599518328461
1 0.5512426846355923 0.35441171989362474 0.10623291335136287 0.20183438960571454
1 0.716285334619684 0.5337981662335248 0.15503404002227156 0.24974196056463596
0 0.02278132996500161 0.8180988114876233 0.04556265993000322 0.08325644650465834
0 0.05742631325591265 0.8599460663346647 0.04404090133672711 0.038413669405021854