0 0.0977173364484589 0.9593223829677946 0.08365797970746054 0.08135523406441071
0 0.21661734091268578 0.9578969298877283 0.053943206168510206 0.0842061402245433
0 0.24684813190150648 0.5854957517940095 0.08258640340856668 0.1440390446063947
0 0.2806776611224997 0.6443883749538148 0.07175799756436803 0.1543302764275872
0 0.5179321992719467 0.6894290297976743 0.09500458279171564 0.13667939751502778
0 0.7061355827950109 0.7934505019945303 0.08565685633066593 0.13869773227332888
0 0.9588827073896216 0.9336985668096821 0.06200116801906326 0.11433180446319953
0 0.8062776789794072 0.6265997237270462 0.09360572402541792 0.15335565592245706
0 0.7431970263816193 0.5204103520450918 0.11707049756436802 0.15811374059533165
1 0.08215261201600413 0.79741766258122 0.1037989301939279 0.2381720550577134
1 0.19746001217815992 0.7593877396631794 0.09645008035608367 0.2851387812685292
1 0.31363443709708205 0.7929168524553568 0.12802736282348767 0.32136151227960774
1 0.10751467086173234 0.3608035802433898 0.21080468100470678 0.4850084000232572
1 0.48848225284266905 0.5019457945849152 0.14387055113509034 0.34507511868150526
1 0.6610879099046837 0.6018615035171284 0.15987738068039511 0.3855954477724787
1 0.7865493802766534 0.24369037854996986 0.2050262394466932 0.3725721892511473
1 0.8787038782480586 0.4153837816672386 0.21456488068039511 0.39016169763010106
1 0.6049628206201463 0.8980029663586752 0.10985801542127546 0.2039940672826498
1 0.8778099853927988 0.9021069026151772 0.08946369480442443 0.19578619476964554