1 0.148890788468993 0.06387672030304051 0.07685474715020839 0.12394399278965622
1 0.693927918693611 0.2550362730286794 0.06141158510611113 0.13488703350749742
1 0.9350029411106942 0.5668009290405611 0.10919577488562524 0.19617555841279735
1 0.5174556844611804 0.30898588848237735 0.07398432028847228 0.14025024799204805
1 0.6357796186380203 0.9363658811922048 0.08684668977951393 0.06334268781657931
1 0.1377097138121177 0.6357646759600701 0.0949878045209029 0.18602429505885432
1 0.255293338052812 0.9070027465004084 0.1062876740119445 0.10903456836693429
0 0.16239089722645833 0.003320247030883478 0.04084320554708336 0.006640494061766956
0 0.7094633061364235 0.1590026567335601 0.04298758700597212 0.05398320182653459
0 0.4888403751906248 0.2916824396249593 0.052908100873680655 0.08977031857230044
0 0.13643946096232612 0.5159290089929726 0.06181032218833336 0.0596750823768897
0 0.25778451804868013 0.7458262759121729 0.06816942496187509 0.06706257197210642
0 0.25823780651767314 0.8175088152780747 0.07776263050895835 0.08167321812963671
0 0.6345450801690273 0.8647244250845286 0.07325696846486114 0.09319142446263627
0 0.925175305852083 0.44506423673747436 0.06039329255305574 0.06900468056632102
1 0.284854857904444 0.8125825727336989 0.035756968464861136 0.09121942806780814