0 0.609375 0.2652582159624413 0.1375 0.25821596244131456
0 0.128125 0.5774647887323944 0.128125 0.1056338028169014
0 0.0296875 0.07042253521126761 0.04375 0.07746478873239436
0 0.0859375 0.07042253521126761 0.0421875 0.06338028169014084
0 0.2 0.1267605633802817 0.065625 0.0539906103286385
0 0.39375 0.09859154929577464 0.04375 0.04929577464788732
0 0.4421875 0.3215962441314554 0.0703125 0.1056338028169014
0 0.5453125 0.11267605633802817 0.0609375 0.04929577464788732
0 0.4421875 0.107981220657277 0.03125 0.03990610328638498
1 0.6828125 0.4647887323943662 0.25 0.4647887323943662
1 0.2078125 0.7746478873239436 0.1234375 0.21830985915492956
1 0.2390625 0.25821596244131456 0.1078125 0.19014084507042253