1 0.0203125 0.5292479108635098 0.0390625 0.08913649025069638
1 0.5265625 0.5988857938718662 0.0875 0.1894150417827298
1 0.8390625 0.6518105849582173 0.065625 0.14206128133704735
1 0.9421875 0.37604456824512533 0.0234375 0.03064066852367688
1 0.6203125 0.5125348189415042 0.01875 0.055710306406685235
0 0.0171875 0.45403899721448465 0.0203125 0.03064066852367688
0 0.496875 0.47075208913649025 0.0390625 0.033426183844011144
0 0.475 0.44846796657381616 0.0296875 0.03899721448467967
0 0.821875 0.5626740947075209 0.040625 0.06963788300835655
0 0.9 0.48746518105849584 0.0078125 0.013927576601671309
0 0.9390625 0.34540389972144847 0.0078125 0.016713091922005572
0 0.621875 0.4763231197771588 0.0125 0.008356545961002786
1 0.471875 0.5236768802228412 0.0265625 0.07799442896935933