0 0.1796875 0.4892241379310345 0.0625 0.06896551724137931
0 0.228125 0.46336206896551724 0.0796875 0.06896551724137931
0 0.3109375 0.47844827586206895 0.1921875 0.16810344827586207
0 0.4546875 0.4956896551724138 0.0640625 0.0625
0 0.5125 0.5064655172413793 0.0828125 0.07758620689655173
0 0.59375 0.5366379310344828 0.0828125 0.07543103448275862
0 0.70625 0.13793103448275862 0.0859375 0.10344827586206896
0 0.8140625 0.42887931034482757 0.1171875 0.12284482758620689
0 0.096875 0.10991379310344827 0.0140625 0.017241379310344827
0 0.1375 0.09913793103448276 0.015625 0.028017241379310345
1 0.1046875 0.15517241379310345 0.0296875 0.04956896551724138
1 0.1359375 0.13793103448275862 0.0359375 0.0625
1 0.1640625 0.5991379310344828 0.0515625 0.032327586206896554
1 0.20625 0.6443965517241379 0.11875 0.07327586206896551
1 0.275 0.8297413793103449 0.246875 0.33836206896551724
1 0.4484375 0.6724137931034483 0.096875 0.15732758620689655
1 0.534375 0.7844827586206896 0.1546875 0.33836206896551724
1 0.6328125 0.7133620689655172 0.11875 0.23706896551724138
1 0.853125 0.7844827586206896 0.175 0.43103448275862066
1 0.709375 0.35344827586206895 0.153125 0.27586206896551724