0 0.8507348258714547 0.5571779226738562 0.02458392017181623 0.0403439209510449
0 0.7361500254419132 0.6613357977256895 0.021458920171816588 0.040149916676090906
0 0.6497997676399972 0.6542194163556673 0.02450203301668665 0.037566143173267126
0 0.6007857355278216 0.6503305392417508 0.0309976944820761 0.04628748505650893
0 0.6826808666900576 0.5440430424102695 0.02277575870642714 0.03191358548023465
0 0.6614543198785607 0.4704980744724256 0.029762743102595125 0.05730159403014296
0 0.6414660464728124 0.43430760332836627 0.02959896879233561 0.051746038474587405
0 0.5897950831075438 0.22956334908168471 0.026228307326946164 0.04321870086629992
0 0.47009009271848223 0.1635184046937856 0.03905585594746519 0.05510582907722766
0 0.48944984509333145 0.4326542006212701 0.041027791723114146 0.06909172010359363
0 0.3362119804394389 0.5253482402211413 0.029598968792335523 0.051746038474587405
0 0.40269015151576654 0.43942670814013673 0.03609463025772488 0.06046738035782905
0 0.3456046698331322 0.3389946237663375 0.027708920171816587 0.04053792522599922
0 0.3187998303940104 0.37531738125693154 0.024665807326946253 0.04312169872882284
0 0.29321665422930004 0.3172926964405582 0.029762743102595034 0.05730159403014296
0 0.19226830789277316 0.30276450204323485 0.042344630257724794 0.06085538890773737
0 0.09790415422930003 0.32941796362519277 0.034368355947465276 0.05481482266479642
0 0.05077020465884134 0.23529980980223703 0.03897396879233552 0.052328051299449875
0 0.2635368775441913 0.054342969962230245 0.027872694482076098 0.04609348078155476
1 0.8383266791053863 0.6341973254563462 0.06980124491161703 0.14574075644070394
1 0.6369412415207154 0.746516596915935 0.05549308344622812 0.13653440387007676
1 0.5830726130720129 0.7221338939498549 0.06133364767057934 0.12303352353109619
1 0.6850345827688595 0.6229187026645049 0.048833647670579336 0.12225750643127971
1 0.6206688675945686 0.5049160734225355 0.04669793758467122 0.1027160598493582
1 0.29689385289524756 0.4570854635309506 0.0629780348257091 0.1259083034463512
1 0.45623455337021734 0.5012609100374783 0.06906426051544959 0.12074075644070395
1 0.08364690242027771 0.416256590767382 0.056646147670579315 0.1227425171186651
1 0.044571114315208285 0.3133200929237075 0.05179487336031983 0.11689595515067823
1 0.2877545482818348 0.37031297956202863 0.03962906603337348 0.0745502735216721