1 0.299369446047778 0.44696846108940935 0.12049695079743064 0.2415251155642363
1 0.4412121071419447 0.47273301608634205 0.1355400693385418 0.2004645754172456
1 0.6595620636389585 0.43560141147754533 0.13572190729444458 0.21348540875057895
1 0.5715704479476391 0.3478195803284136 0.11202983415618065 0.19434705230439833
1 0.7765690321038197 0.5300744085652768 0.12671058320625014 0.23916339950544
0 0.27664242049656285 0.6106986801875575 0.07031380642076393 0.11464612335324083
0 0.16619261692559045 0.37005898018067107 0.047565984232430567 0.051297546225694525
0 0.47933166261277815 0.6275889250910872 0.10287173328249999 0.0976898223778937
0 0.6334009135627087 0.5773174392129621 0.08608427678548622 0.12566891653958345
0 0.7699216014423615 0.7257505844770823 0.0981478656913195 0.0949038177553243
0 0.9716795507211806 0.7712563563879616 0.056640898557638764 0.1090741141081022