0 0.4181570227745941 0.7836937277122114 0.1591388725471326 0.28994799908246865
0 0.8823482208739775 0.44715790537475064 0.13924818380210838 0.13157767634660592
0 0.9974612263111847 0.9588851122026992 0.005077547377630509 0.08222977559460148
0 0.962665709542452 0.9645462308086628 0.047158842889637495 0.07090753838267445
0 0.843423619618564 0.9095123661680002 0.07040534190105419 0.06584350454483776
0 0.6479492935348408 0.9473796330294643 0.04684050790866543 0.05950867771803922
0 0.5817128453982763 0.7189919186654072 0.07968218281352506 0.12038077858882572
0 0.4933254605310351 0.9389031093059264 0.06402800790866543 0.06071133789180721
0 0.599384459542452 0.9392954823135482 0.03402217292769336 0.046896926571602555
1 0.3284658285923624 0.581780369915079 0.2916860701894054 0.5194612282664302
1 0.7873156106841345 0.249556718657625 0.14230419961943924 0.2442537326846341
1 0.794673101824067 0.7795811532386935 0.12435269566510651 0.21488205842635907