1 0.290625 0.5895196506550219 0.046875 0.09170305676855896
1 0.3703125 0.519650655021834 0.05625 0.05895196506550218
1 0.359375 0.37554585152838427 0.08125 0.06550218340611354
1 0.0484375 0.42358078602620086 0.0546875 0.06986899563318777
1 0.1375 0.24672489082969432 0.04375 0.06550218340611354
1 0.0328125 0.2336244541484716 0.0375 0.056768558951965066
1 0.1875 0.4170305676855895 0.053125 0.07423580786026202
0 0.0421875 0.17467248908296942 0.028125 0.04585152838427948
0 0.14375 0.18777292576419213 0.0390625 0.043668122270742356
0 0.06875 0.36899563318777295 0.046875 0.04585152838427948
0 0.2 0.3558951965065502 0.040625 0.056768558951965066
0 0.29375 0.5152838427947598 0.034375 0.05240174672489083
0 0.3890625 0.5720524017467249 0.0359375 0.039301310043668124
0 0.3625 0.4410480349344978 0.034375 0.05021834061135371