0 0.1671875 0.31220657276995306 0.08125 0.1056338028169014
0 0.284375 0.19953051643192488 0.0984375 0.10328638497652583
0 0.359375 0.17136150234741784 0.03125 0.04225352112676056
0 0.421875 0.19248826291079812 0.090625 0.10093896713615023
0 0.59375 0.18544600938967137 0.0875 0.06807511737089202
0 0.7078125 0.4788732394366197 0.2046875 0.2136150234741784
1 0.1828125 0.47183098591549294 0.1515625 0.20422535211267606
1 0.3671875 0.39436619718309857 0.090625 0.23708920187793428
1 0.465625 0.44835680751173707 0.1515625 0.3075117370892019
1 0.6 0.3685446009389671 0.084375 0.18544600938967137
1 0.7265625 0.8309859154929577 0.2890625 0.3380281690140845