1 0.8300191780407093 0.32490596454612314 0.2918451674922302 0.5679568189096379
1 0.18901738068852436 0.7052858170014145 0.20397698635114891 0.43730200736799324
1 0.06230944727113162 0.6657185374863541 0.12461889454226324 0.40331093563737125
1 0.5226496720448532 0.6338110360980835 0.11988446856846871 0.2167084717770706
1 0.2920782222925222 0.4759938646989091 0.13743584160399785 0.23065019019062796
0 0.8266072719210188 0.705264747934452 0.16556084160399784 0.23176147573545539
0 0.5700276321362664 0.7842935731651037 0.0695890620344933 0.09018789418909526
0 0.40720660856261787 0.6317483547142936 0.08637845574818712 0.1332455933497201
0 0.3200148236164298 0.652416197787857 0.07805653349844599 0.11436926366330688
0 0.25639531762057377 0.9516901279513111 0.16453768899896398 0.08069131795484832
0 0.09049848987031475 0.9396975948342469 0.13274403349844602 0.1165300966671384