0 0.10048288637725435 0.4578125 0.05576720193503846 0.034375
1 0.2295040498377054 0.4546875 0.0347156137923817 0.0296875
0 0.189788444876553 0.47421875 0.0472156137923817 0.0296875
0 0.2164121243680821 0.48671875 0.03636243750706818 0.0203125
0 0.23286053622542535 0.48203125 0.029966934300852562 0.0171875
0 0.2675629184394105 0.4890625 0.04060185577684265 0.021875
0 0.29795313078051333 0.49296875 0.03837301923729371 0.01875
0 0.3589518102720425 0.50546875 0.03413360096751923 0.0171875
0 0.3991535322317922 0.51875 0.0320502676341859 0.0171875
0 0.4307309144457773 0.52578125 0.034279104173734844 0.0203125
1 0.4450463855898368 0.49765625 0.04779762661724417 0.0421875
1 0.4049174152331949 0.4859375 0.043776463156793 0.0453125
1 0.35976199055098923 0.478125 0.05441138463278321 0.05
1 0.2994048439090337 0.45703125 0.04615080290255757 0.0515625
1 0.21238764197399534 0.42265625 0.0806481618856159 0.0765625
1 0.12268194965760375 0.39765625 0.06986773720341022 0.06875