0 0.0421875 0.7090909090909091 0.0234375 0.02727272727272727
0 0.0046875 0.6727272727272727 0.009375 0.02727272727272727
0 0.0703125 0.6227272727272727 0.03125 0.029545454545454545
0 0.13125 0.5477272727272727 0.0203125 0.02727272727272727
0 0.175 0.5636363636363636 0.0203125 0.020454545454545454
0 0.2359375 0.5545454545454546 0.0171875 0.022727272727272728
0 0.2734375 0.5522727272727272 0.025 0.020454545454545454
0 0.265625 0.6977272727272728 0.0265625 0.029545454545454545
0 0.6953125 0.6454545454545455 0.0296875 0.04318181818181818
0 0.7546875 0.6795454545454546 0.01875 0.038636363636363635
0 0.8859375 0.7659090909090909 0.025 0.029545454545454545
0 0.8484375 0.6431818181818182 0.015625 0.01818181818181818
0 0.921875 0.5272727272727272 0.0125 0.025
0 0.865625 0.5818181818181818 0.0078125 0.011363636363636364
1 0.134375 0.625 0.034375 0.07954545454545454
1 0.2046875 0.7090909090909091 0.0359375 0.07272727272727272