0 0.8219811017719569 0.5215778443233725 0.07066702400410492 0.08913437514598463
0 0.7780720204880638 0.4870248654870044 0.08943520472226432 0.09480009357571852
0 0.6944509994108248 0.48660205555519986 0.21654312626704134 0.23325921021780102
0 0.5482618006404888 0.4745333645271058 0.07220225292686636 0.08278180570478429
0 0.48964986992232956 0.4744585622062309 0.09259656615858276 0.10364667883124888
0 0.40452543617910824 0.48815732076426055 0.09415906615858276 0.10375962663142774
0 0.3464800902608838 0.0668844028295945 0.10053633118569749 0.133768805659189
0 0.1991470688890573 0.3391603791394295 0.13502041549465282 0.16273075219470162
0 0.9564277828828995 0.15830310984573343 0.015715903590795933 0.022681202139720715
0 0.9180465389330239 0.137363434398394 0.018886355386194254 0.03368295980904418
1 0.9425425448849524 0.20134550211630967 0.03618293969514994 0.06078745457653007
1 0.9143130057555366 0.1785940797609104 0.044049981849627426 0.07428322806018356
1 0.8224628908031768 0.635801982254407 0.0548783975406721 0.04921179369591902
1 0.7749475413689109 0.6726520625736587 0.1285613372358217 0.11270999547674435
1 0.68169296593875 0.7968858271361211 0.29192492134838555 0.329197946005702
1 0.5302617552645573 0.6536904622671845 0.11952268052176755 0.19177368798601532
1 0.4306299148072818 0.7482036042372591 0.20315331283893306 0.39172543863688003
1 0.3419441438282388 0.6586799825335776 0.15268970452587266 0.2781973159277046
1 0.11696686972593787 0.680332396793832 0.23007942720211783 0.4798524477916465
1 0.31378628580976586 0.28236733651593054 0.19195219242562428 0.3284348040356272