1 0.2262293865893029 0.28049451659015795 0.07506195499752569 0.12459950897212861
1 0.28142589891377473 0.43578139976140434 0.05574538896415202 0.06930524991619648
1 0.3631805099496227 0.3718554323766981 0.055656857756487634 0.10705924775603148
1 0.4707207722740946 0.5291901106025458 0.05467421189493056 0.08184916372241803
1 0.7379569391665507 0.741018065828583 0.03033595318850324 0.057822996866162275
1 0.9871597029055899 0.44675744878326457 0.025680594188820294 0.051642732278929245
1 0.994742030189582 0.4815435707506533 0.010515939620836079 0.02353714117157479
1 0.7636695901164904 0.660216164615164 0.03181656603337366 0.05578328474061299
1 0.3075501441640764 0.8458425986764262 0.04456222749876275 0.0625748314336972
1 0.4136872795101838 0.7870657992280582 0.031489017412854634 0.04737992339607517
1 0.4608798620519007 0.8570852641541037 0.02655585594746519 0.040894017755916556
1 0.6475233689493057 0.8224344068069214 0.023758404567984216 0.049175122679284276
0 0.2374402035271876 0.3679850315926634 0.04900406603337348 0.05645569505704933
0 0.2593328929208809 0.5093831803248154 0.030833920171816586 0.03057320070699954
0 0.3733234718445533 0.45196244209744035 0.03921963025772479 0.04558472411286631
0 0.4876117011523384 0.5822918370064658 0.03749335594746519 0.041321915230012475
0 0.31823201661988504 0.8997502324060728 0.03272396879233552 0.039037690262122525
0 0.39705637946475525 0.9007363667044868 0.025982645861557074 0.026188135402975377
0 0.4625176051544958 0.8991020708767928 0.024420145861557073 0.026127007192390212
0 0.6430748863621603 0.8684083813595388 0.01948698439616763 0.01964110155223159
0 0.7516033593383673 0.7709188562191462 0.018006371551297563 0.02168081367778088
0 0.7512038896415205 0.7006323972745198 0.021131371551297563 0.021803070098951213
0 0.7448543130926975 0.5577446903120843 0.019732645861557076 0.025943622560634955
0 0.714675490161919 0.5439782122941604 0.021540807326946344 0.03230727177962348