0 0.13969910243965622 0.3252615506496648 0.09000872207446943 0.11342718460000595
0 0.2635591851529482 0.2077617008387213 0.10705908896247247 0.10888257457165036
0 0.34052522761097564 0.17790762747212818 0.03442214054206225 0.04488773339443675
0 0.4040728671342576 0.19607319325205583 0.09915234752384486 0.10646687234382222
0 0.5844516447499309 0.18590664496158602 0.09487424281341823 0.07357570882358302
0 0.6952779485706072 0.48626082761498757 0.2238359105026166 0.22723676176974603
1 0.15199590891826129 0.48856414464690884 0.16716982111743317 0.2173554428185856
1 0.34500728963016497 0.4080638308488598 0.105638210993301 0.247325599643848
1 0.44492439269084266 0.4605947203740055 0.17086050979933753 0.322989245635487
1 0.58485065864363 0.3761089459807158 0.09592713286574238 0.19326670492775688
1 0.7056673587545569 0.8358803409853125 0.3135985866649591 0.32823931802937495