1 0.4838606280404164 0.47861948627630013 0.09371624525034736 0.20813156311682374
1 0.11910845022874979 0.39289036014809287 0.07260365824437506 0.15451146588117462
1 0.07911988307440952 0.34829791981391073 0.06606271751493062 0.1351033544931553
1 0.5945461677436803 0.3004070436534392 0.13928331838861113 0.2282729947934387
0 0.48776491840927055 0.6315973376170382 0.05592399810013902 0.08471459166644545
0 0.6596243474552081 0.44285038764675067 0.06395470364722229 0.0995184661260559
0 0.15975032760357613 0.4967083507879088 0.04491376291777782 0.07911919106365276
0 0.061386215996319216 0.43328543356693217 0.04131598423243057 0.04813853962496224
0 0.0662730845374303 0.4715441267761299 0.038336454597152826 0.05734701348178
1 0.6286256545415622 0.6782708695913058 0.027398954597152782 0.056479745266694435
0 0.6216301189223608 0.7262386447281093 0.02532730832062491 0.023258923093448472