1 0.3671875 0.8048469387755102 0.23125 0.3903061224489796
1 0.7375 0.8073979591836735 0.275 0.3852040816326531
0 0.3953125 0.375 0.1453125 0.15306122448979592
0 0.7078125 0.36989795918367346 0.15625 0.1683673469387755
0 0.484375 0.3622448979591837 0.0109375 0.015306122448979591
0 0.1875 0.3673469387755102 0.009375 0.01020408163265306
1 0.075 0.3137755102040816 0.021875 0.02806122448979592
1 0.184375 0.4030612244897959 0.0234375 0.04336734693877551
1 0.4953125 0.4030612244897959 0.025 0.04846938775510204
1 0.584375 0.5178571428571429 0.0234375 0.04846938775510204
0 0.0765625 0.288265306122449 0.0109375 0.012755102040816327
0 0.5765625 0.47959183673469385 0.0140625 0.017857142857142856
0 0.2 0.15306122448979592 0.009375 0.01020408163265306
1 0.2046875 0.17091836734693877 0.0109375 0.025510204081632654
1 0.0921875 0.17857142857142858 0.0109375 0.025510204081632654