0 0.0899444980600147 0.5117039399138968 0.14170202174882984 0.14283445517706117
0 0.19280290121604465 0.42219550365118885 0.09712435079830276 0.11405379519648116
0 0.377035979771226 0.38480384147147195 0.10812551779449713 0.11656146019162618
0 0.5399060528891999 0.31382522380654815 0.0998036818249421 0.0995916994808083
0 0.6550389629653119 0.26764245588202845 0.11300401878308027 0.12299331661811692
0 0.7788266314443811 0.2743119033177727 0.0888661818249421 0.09916736781899663
0 0.83648528114037 0.16465610310672663 0.13771485870696837 0.1655692654172372
1 0.4076015247517605 0.6683301781478487 0.22695772532260178 0.3791987289519066
1 0.58289334342111 0.5687113006078678 0.19417971741393636 0.32798635277530175
1 0.7185297544858054 0.5279904881685549 0.16742621642535305 0.3207058330251877
1 0.8459371714819998 0.5251333885822235 0.16538355536065766 0.35600126207419386
1 0.8999920242202878 0.5090154225402715 0.20001595155942448 0.48312292038325233