0 0.2890625 0.45625 0.0546875 0.058333333333333334
0 0.35625 0.5375 0.046875 0.0375
0 0.459375 0.5479166666666667 0.0375 0.04375
0 0.5375 0.51875 0.0375 0.03958333333333333
0 0.6515625 0.5208333333333334 0.0421875 0.04375
1 0.653125 0.6125 0.0671875 0.10416666666666667
1 0.2890625 0.55 0.05 0.12291666666666666
1 0.5375 0.5979166666666667 0.0546875 0.08958333333333333
1 0.3609375 0.6104166666666667 0.059375 0.07916666666666666
1 0.4671875 0.6166666666666667 0.0546875 0.07708333333333334
0 0.1875 0.42916666666666664 0.0125 0.016666666666666666
0 0.2703125 0.41875 0.0140625 0.008333333333333333
0 0.6984375 0.39791666666666664 0.0046875 0.0125
1 0.696875 0.42083333333333334 0.009375 0.020833333333333332
1 0.7171875 0.4479166666666667 0.00625 0.01875
1 0.7484375 0.45416666666666666 0.0109375 0.027083333333333334