0 0.09001997087452404 0.5028852514477421 0.05317772939414231 0.029944365177646405
1 0.22118612493598377 0.4779879512000731 0.030165177092887022 0.029143844499482086
0 0.18647339903895918 0.5065688695208725 0.04262009232989313 0.026455492142117266
0 0.21493519540423114 0.5126176623249435 0.034008426447512834 0.018351893713693813
0 0.23045514644137668 0.5066031027716497 0.027683582810785704 0.016571069892376045
0 0.26606869300697406 0.50692843445085 0.03819252686592287 0.01849744292790554
0 0.2974250996404934 0.5050555653442622 0.033959733438400766 0.016789393713693812
0 0.36349510676234364 0.5082319152204275 0.0339110404292887 0.015226893713693812
0 0.4055552294874483 0.5138076730783105 0.029726940010878777 0.015081344499482086
0 0.4391010723483967 0.5149870293646168 0.031916376238307814 0.01827911910658777
1 0.44656845251664395 0.4857896809361934 0.03887422899349145 0.04037244292790554
1 0.4045083297915394 0.4802139230783105 0.03483620760241749 0.04491439371369381
1 0.3563424819707119 0.4803252390417452 0.04325310144834976 0.046767992142117264
1 0.2921210600125064 0.46926361455847393 0.03916638704816374 0.04974744292790554
1 0.19518070175695076 0.4499549964853434 0.06500138469530457 0.07405823821317573
1 0.10057585875616042 0.43838610380510695 0.05643841182203634 0.06751713978475227