1 0.6995738910276066 0.5238346204153196 0.05483735731976367 0.10225264051715623
1 0.6181269919372293 0.46541846328543496 0.06319351282028159 0.07230613433706477
1 0.6269455279168747 0.31742936164821917 0.08848461124870503 0.08289371523100054
1 0.9451133310600278 0.31154054988948743 0.06192211124870504 0.08094419171281303
1 0.8515710004142847 0.14814425663888153 0.050766287427387626 0.07357689531241636
1 0.9578038837888962 0.11742757151501879 0.04429796360606986 0.06655363247405277
1 0.8026711199351574 0.32963487793053065 0.06043238585581072 0.08301769766624183
0 0.9457426854843074 0.058284617496522875 0.03285104135632864 0.05043360084389677
0 0.844197302109696 0.08865726905835254 0.043788541356328634 0.051236345821973964
0 0.9234224216305684 0.2607443063210971 0.05011131596343503 0.05388324104545794
0 0.7891201962376743 0.2684184179586059 0.04586046360606986 0.06666831032806378
0 0.6966522522763116 0.4476495596439643 0.03939213978475227 0.05964504748970009
0 0.5990473521524771 0.5235726986729917 0.040517992142117085 0.046630622499072176
0 0.6247622897036991 0.3830748758714139 0.0408818651776464 0.05757154153627143