0 0.1359375 0.46518105849582175 0.0203125 0.027855153203342618
0 0.23125 0.6044568245125348 0.0171875 0.03064066852367688
0 0.315625 0.6267409470752089 0.0203125 0.027855153203342618
0 0.3625 0.6406685236768802 0.025 0.036211699164345405
0 0.3 0.5125348189415042 0.0203125 0.022284122562674095
0 0.3328125 0.44846796657381616 0.0234375 0.04735376044568245
0 0.3578125 0.4206128133704735 0.0234375 0.04178272980501393
0 0.4375 0.24233983286908078 0.021875 0.03064066852367688
0 0.5640625 0.2200557103064067 0.0328125 0.04178272980501393
0 0.5046875 0.47075208913649025 0.0328125 0.052924791086350974
0 0.6390625 0.6100278551532033 0.0234375 0.03899721448467967
0 0.5875 0.5069637883008357 0.0296875 0.04735376044568245
0 0.6578125 0.42896935933147634 0.0234375 0.03064066852367688
0 0.678125 0.4735376044568245 0.01875 0.036211699164345405
0 0.7125 0.42618384401114207 0.0234375 0.04456824512534819
0 0.8125 0.4456824512534819 0.034375 0.04456824512534819
0 0.8984375 0.5013927576601671 0.028125 0.03899721448467967
0 0.959375 0.42896935933147634 0.0328125 0.036211699164345405
0 0.7796875 0.18662952646239556 0.0203125 0.036211699164345405
1 0.1359375 0.5431754874651811 0.05 0.12256267409470752
1 0.3140625 0.7186629526462396 0.0359375 0.11977715877437325
1 0.3703125 0.713091922005571 0.0453125 0.10027855153203342
1 0.2875 0.584958217270195 0.0328125 0.10584958217270195
1 0.3671875 0.4958217270194986 0.03125 0.08635097493036212
1 0.6875 0.5571030640668524 0.0453125 0.10584958217270195
1 0.5265625 0.5487465181058496 0.0546875 0.0947075208913649
1 0.9 0.5905292479108635 0.040625 0.10306406685236769
1 0.953125 0.5069637883008357 0.034375 0.10027855153203342
1 0.7078125 0.479108635097493 0.03125 0.06128133704735376