1 0.8588788388090066 0.9299760076085468 0.07713681301126626 0.11190242486239078
1 0.3253579819868043 0.7004202525480415 0.06343802586424747 0.13047954373010404
1 0.08774300705962898 0.37506057234433443 0.11149509263643717 0.19247738279851026
1 0.49891750244077554 0.6632498526379168 0.07607441818411545 0.13775739885422808
1 0.3749689077592743 0.035935050256497805 0.0905628155185485 0.07187010051299561
1 0.8646010237526763 0.37674735216989896 0.09720527210332364 0.18046626637210614
1 0.7472901886380867 0.08929318234175675 0.10562552586424748 0.13121877536225787
0 0.3122873321450889 0.7924450584491151 0.04157974623907634 0.050123617388696994
0 0.5273834832404456 0.6804040903733439 0.0532446719450391 0.08796232885759951
0 0.8660475149771877 0.4920551592916273 0.06051160266556721 0.05986392948664763
0 0.7458761043149197 0.2587870838956562 0.0668525308788123 0.06467932763694481
0 0.7445349131695507 0.18937531918977382 0.07654577962517131 0.08131418956827313
0 0.37729593738444545 0.11225258157039926 0.07204013605166182 0.09064381742613839
0 0.09945940855069706 0.49607276923653565 0.06069345909205777 0.06927569419252985
1 0.7195803772761733 0.1921663235556688 0.03605717194503928 0.08766116041487027