0 0.103125 0.12569832402234637 0.0765625 0.09497206703910614
0 0.2171875 0.12849162011173185 0.046875 0.07262569832402235
0 0.2640625 0.4860335195530726 0.0734375 0.11731843575418995
0 0.2953125 0.4245810055865922 0.0609375 0.1340782122905028
0 0.521875 0.3575418994413408 0.084375 0.10893854748603352
0 0.7 0.24022346368715083 0.075 0.11173184357541899
0 0.6140625 0.019553072625698324 0.0515625 0.036312849162011177
0 0.9359375 0.08100558659217877 0.0546875 0.09217877094972067
0 0.803125 0.39106145251396646 0.0828125 0.12849162011173185
0 0.746875 0.5 0.1046875 0.12569832402234637
1 0.0953125 0.2988826815642458 0.0859375 0.20670391061452514
1 0.209375 0.3240223463687151 0.075 0.2541899441340782
1 0.3203125 0.27932960893854747 0.10625 0.28212290502793297
1 0.140625 0.7150837988826816 0.175 0.42178770949720673
1 0.503125 0.5446927374301676 0.11875 0.2988826815642458
1 0.6640625 0.4301675977653631 0.13125 0.33798882681564246
1 0.8046875 0.7821229050279329 0.175 0.35195530726256985
1 0.884375 0.5865921787709497 0.1859375 0.3268156424581006
1 0.5953125 0.1424581005586592 0.09375 0.1871508379888268
1 0.859375 0.10893854748603352 0.0734375 0.19273743016759776