0 0.14096835012163697 0.7174811366608098 0.04549430718159235 0.047852813060243374
0 0.21152628981678667 0.652719672175848 0.02989657825883114 0.054637847096265055
0 0.24631035597536943 0.5462349823492131 0.0314318071815924 0.04760640251619219
0 0.36754903083979623 0.7088053066537103 0.029842036104353476 0.04052020003744153
0 0.45747407319066563 0.8883937981802824 0.022038626463433176 0.042736246467216805
0 0.46336045882748095 0.9824019294417499 0.023501132513557364 0.016881272475379506
0 0.5321831817001179 0.9623737262590681 0.03918067466803503 0.03127270902759312
0 0.8723274344305925 0.6764324942525003 0.03143180718159257 0.04760640251619219
0 0.5337103620254936 0.5670796086120093 0.04083407825883114 0.054829499741638164
0 0.414951271666414 0.5715133499382457 0.04238748789975162 0.05250393751450648
0 0.48172970550783123 0.6762184080578442 0.04081589754067192 0.050123617388696994
0 0.876142259958949 0.9022327103456597 0.028288626463433175 0.04284576226457295
1 0.18837059094825478 0.5801891799453451 0.04579428903121974 0.1254998718837728