0 0.9556147166261211 0.1841630361656213 0.02512726502711473 0.03323911486727847
0 0.9317550358097659 0.27558146522297766 0.032948855386194256 0.0359208588112482
0 0.8742834242752515 0.3641478315955683 0.021993174668035208 0.030796554275991952
0 0.8297021773003136 0.3538629958204879 0.02353749394987581 0.026310072014557585
0 0.7696141049934109 0.37405580318448856 0.01884999394987581 0.02607088866187438
0 0.7321413760706497 0.3828185850744473 0.02665340359079611 0.024186422560182008
0 0.7307692527304746 0.23445662248254295 0.028252265027114733 0.033398570435733944
0 0.2983930899662962 0.36613025980951586 0.03300339754067192 0.0496194889482345
0 0.23499821047780092 0.3408204222853509 0.023610216822512697 0.04457491219720599
0 0.0980022045258726 0.27816190020893067 0.02668976502711464 0.033318842651506204
0 0.14457774355709235 0.3968144967842582 0.01726931323171659 0.021424950831984542
0 0.0771044181269315 0.5247118791424569 0.014171584308955421 0.028114810332022223
0 0.13154647843178183 0.4602775710780478 0.009429542154477711 0.014176996842352714
1 0.8661573068870048 0.28577934722903564 0.03940793364502539 0.08875118547327329
1 0.7908573250373774 0.2142638151185423 0.04250566256778647 0.08206132597323562