1 0.7484330144721785 0.5026614347436997 0.06174308344622812 0.10692422661864356
1 0.6573642791714995 0.4538338509281457 0.06684666327441154 0.0768584632302855
1 0.6448056462002413 0.3077539018234014 0.09390048620519006 0.091161398330849
1 0.9647939196059896 0.26290310327556154 0.06725609905006032 0.08770445021510125
1 0.8456577380142123 0.11329736745810325 0.05599105042954129 0.07849741033127858
1 0.9463637449116173 0.0649517917494059 0.03839411465389233 0.06681817288136703
1 0.8236709526226764 0.297995923283694 0.06741987336031982 0.09204284500902737
0 0.9279512596109385 0.020293961958020138 0.03798467887824373 0.040587923916040276
0 0.8301655348257091 0.05537291309949122 0.04727779172311415 0.05425748875327697
0 0.9363889586155703 0.21538391256267592 0.05525406603337366 0.05897463375861049
0 0.8011065558566083 0.23932774541686694 0.050976001809022266 0.06959337061658176
0 0.733107907620202 0.4284301248867235 0.042917840343633176 0.06270702821428514
0 0.6471571195151326 0.5151773783813648 0.04398901741285464 0.04976759387478785
0 0.6519497608541338 0.37260257360545074 0.04439845318850324 0.06061358085960347