0 0.12273551728618085 0.6134776993813987 0.02387391109416668 0.035516990803460005
0 0.21205063079329883 0.46227174129267073 0.01922277868534721 0.037858037087212575
0 0.29822386692559044 0.42868460726547286 0.022311411094166723 0.03537141363878504
0 0.345589176196146 0.4109024885658416 0.027108013867708357 0.04414147846614359
0 0.289667790937535 0.5499605779173068 0.02223867591180557 0.029815858083229486
0 0.32869457655673634 0.6104716628962916 0.027217116641249994 0.05247481179947692
0 0.3556025686729517 0.6393353635846574 0.025581881458888935 0.0467736790792464
0 0.4523158741437851 0.8148094487141685 0.02391027868534721 0.03829476858123763
0 0.5843107565526046 0.824332941351438 0.03655574905006951 0.050570497009749714
0 0.503803026119896 0.575460205033353 0.038300087005972115 0.06460496306331388
0 0.6312175516711113 0.41393199859027646 0.027180749050069508 0.049697034021699144
0 0.586669424296285 0.5276930277879162 0.03510235182361114 0.05875825317840808
0 0.6648496288934378 0.5987879863282232 0.025509146276527873 0.04121812352369068
0 0.682963196047778 0.5519238011932135 0.020821646276527873 0.04078139202966548
0 0.7210268937110766 0.5984732087009718 0.02721711664125017 0.05247481179947708
0 0.823660931230139 0.5705813015695292 0.039717116641249814 0.0536394291168779
0 0.9077988886770836 0.5007374792665453 0.031868249050069505 0.05013376551572451
0 0.9766222770698267 0.5723478637076905 0.03648301386770854 0.04501494145419416
0 0.8100556389614241 0.8425910638692141 0.023946646276527872 0.04107254635901572
1 0.11855585714194469 0.5326309894964929 0.061157011967847286 0.14164304336876543
1 0.2899743026210418 0.3349739544688793 0.047021776785486226 0.13477729333113395
1 0.3461515674386807 0.3346591768416279 0.05461607123840277 0.11883851248784273
1 0.27071711597565995 0.4732864405235431 0.04215243882958344 0.12045167294821953
1 0.35925359232430576 0.5606054284120161 0.038736498100139016 0.09793829639664722
1 0.6849608007211808 0.4661038444114526 0.05621493882958326 0.12176186743029563
1 0.5198813145888892 0.4923393316225571 0.06235583605604163 0.11401084275566278
1 0.9026925081681252 0.4087068696881908 0.049928571238402955 0.11840178099381736
1 0.9630858007211807 0.4920165797236229 0.043605836056041625 0.11226391677956131
1 0.7125052256830557 0.5435786562109295 0.03684668977951393 0.0727927192319721