0 0.2705092832935582 0.4448114047085696 0.05843323821317572 0.06306772833652277
0 0.332405661705771 0.5298666029072223 0.04982021753501122 0.04004249002951899
0 0.4365473521524771 0.5463379903755605 0.040736315963434674 0.04832034602353642
0 0.5171081474377474 0.5219052332155578 0.040517992142117265 0.042057298006834845
0 0.6324784363128769 0.5301109104723651 0.04542381596343468 0.048356783370995284
1 0.6268598289931132 0.6240384120491574 0.07409677956950453 0.10910605916804378
1 0.2648906759737947 0.538738906285362 0.0575642510334573 0.12776159961079844
1 0.5127074377606189 0.6033127116501905 0.061014582712657625 0.09230743153028259
1 0.3329471631535131 0.6040036293364957 0.06384848428423426 0.08398099240631995
1 0.441104265510878 0.6173738572526989 0.05901543507002245 0.07976918971439345
0 0.16932992700725197 0.41061293319997333 0.013082196856846862 0.016798627637761188
0 0.25392325082856954 0.4050057574375341 0.014353598428423453 0.00846004273131235
0 0.6883346381321225 0.4073384436326189 0.005124147642635179 0.012562533380862025
1 0.6844091174539579 0.4302786614622182 0.010175520678164319 0.023037384089489993
1 0.704447635650923 0.46071402827317415 0.006904971463952592 0.018837727180049696
1 0.7355156991331585 0.4661761506034855 0.011883569892376045 0.02722489521644408