1 0.2839690776035761 0.5509072536773053 0.12689242116215294 0.2551142943573726
1 0.4282645914712845 0.5216831309134762 0.14040940729444457 0.21710577980693016
1 0.6515020697197914 0.5511033997231144 0.14215374525034735 0.230198628839565
1 0.5626201012549302 0.6438778798695898 0.11686280452090295 0.20772603133039488
1 0.768599957162604 0.4537404619043258 0.13466855357097246 0.2530460719880791
0 0.2573721696435415 0.3840142218982363 0.07354790919430557 0.12434897757912439
0 0.14986552811666637 0.6341189820072407 0.05080008700597225 0.06052961060275608
0 0.46333188212447907 0.3628667268325739 0.10606946846486132 0.10579231375796234
0 0.6230153534391318 0.4074811552750469 0.0908445119678472 0.1333053818731724
0 0.7573195778879166 0.2540866387924305 0.10138196846486132 0.10547480562109687
0 0.9590100176674305 0.2027515057197727 0.049964938829583264 0.11237182650518628