0 0.918580375782881 0.4703125 0.04801670146137787 0.025
1 0.7933194154488518 0.4953125 0.027139874739039668 0.0265625
0 0.826722338204593 0.46875 0.037578288100208766 0.021875
0 0.7974947807933194 0.4625 0.031315240083507306 0.015625
0 0.7828810020876826 0.46875 0.027139874739039668 0.0125
0 0.7494780793319415 0.46875 0.03549060542797495 0.015625
0 0.7181628392484343 0.46875 0.033402922755741124 0.0140625
0 0.6555323590814196 0.4671875 0.031315240083507306 0.0125
0 0.6137787056367432 0.4609375 0.029227557411273485 0.0125
0 0.5803757828810021 0.459375 0.029227557411273485 0.015625
1 0.5762004175365344 0.4890625 0.03549060542797495 0.0359375
1 0.615866388308977 0.49375 0.031315240083507306 0.040625
1 0.6617954070981211 0.49375 0.03966597077244259 0.0421875
1 0.7244258872651357 0.5046875 0.031315240083507306 0.0453125
1 0.8183716075156576 0.521875 0.05636743215031315 0.06875
1 0.9102296450939458 0.5328125 0.05010438413361169 0.0625