0 0.8770914444820761 0.005637985762438204 0.0854328889641522 0.011275971524876407
0 0.7635612109904194 0.017297662861920783 0.05393722749876275 0.034595325723841566
0 0.7516731218899817 0.3629525853907908 0.08518058344622795 0.1424865295581971
0 0.7149200723649516 0.3114895939128931 0.07457063206674697 0.15269199457229457
0 0.482438443011738 0.3179012658891055 0.09595430913596861 0.13789904207218948
0 0.2949074655129752 0.2538853160156234 0.08822369629109836 0.13997196652046123
0 0.3598220573269463 0.01529431291010571 0.055833920171816584 0.03058862582021142
0 0.043358253618044615 0.17055058822349858 0.06404921189493057 0.11248287469673764
0 0.20475385628614956 0.4398315928028861 0.09488313206674714 0.15460576179330443
0 0.27324490671569085 0.5319632592919655 0.1184025192218769 0.1596229435046685
1 0.9037158994796016 0.12329137865700235 0.10663285956551008 0.23694971312953553
1 0.7918267311168075 0.18171712022447561 0.10169305404758582 0.28130468190163616
1 0.676491658186029 0.1756833330820698 0.13400758706427265 0.3207657930973127
1 0.8945677501693421 0.5547596074821567 0.21086449966131582 0.48557701990471464
1 0.5205736080951718 0.4973940654257801 0.15028768430531086 0.34470983184121834
1 0.34870857417397394 0.43331048130277433 0.16541471732199753 0.38255160154219403
1 0.24282482360814703 0.8052328957875681 0.21015400723608924 0.36715785322536315
1 0.1437488364984458 0.6582403976039276 0.22018410447712725 0.3905130405166504
1 0.3882613178423958 0.12397160164610503 0.11239153663473136 0.22068463199788424
1 0.12181080223856362 0.17442590012194784 0.0936415366347314 0.21891807764002894