1 0.39776026824856847 0.2089789341857693 0.266979463502863 0.3927206500013973
1 0.7757034610669761 0.277962303659547 0.3109021803253757 0.44326839691639325
0 0.39395751561628983 0.6183063690266933 0.16160109621281205 0.19386988241981404
0 0.7132296903825207 0.7061898952378579 0.1757272287263696 0.21239506929263707
0 0.4829018409482548 0.6557005797654571 0.014135222872636887 0.02107620728098628
0 0.18157114510478506 0.576323726576596 0.010982951795398054 0.013274691830789944
1 0.06115410597536945 0.599944973580765 0.023555674668035032 0.03427667199892281
1 0.1809171601318997 0.5405723273058836 0.026744307181592354 0.05228226908177235
1 0.4986677415139889 0.6169020345674601 0.029887487899751618 0.05753276412380556
1 0.5998080606976337 0.5209243772240526 0.026753397540672096 0.05483328948993576
0 0.060281952384573276 0.625418064105971 0.012563632513557322 0.018450959759969743
0 0.5871717053114395 0.5585958664436746 0.01726022287263689 0.02122466150669311
0 0.17609732904439812 0.7967643105441583 0.0094204517953981 0.013200464717936528
1 0.18241096155795544 0.7792040761384289 0.01260908430895542 0.031206061800785924
1 0.06845754586691086 0.7431732520021748 0.01259999394987581 0.02865504139262266