1 0.2546875 0.7777777777777778 0.0578125 0.1090146750524109
1 0.2859375 0.6205450733752621 0.0453125 0.05870020964360587
1 0.3765625 0.6687631027253669 0.040625 0.09643605870020965
1 0.4578125 0.5052410901467506 0.04375 0.07127882599580712
1 0.6890625 0.259958071278826 0.0234375 0.050314465408805034
1 0.9765625 0.5073375262054507 0.0265625 0.0440251572327044
1 0.9765625 0.47379454926624737 0.009375 0.020964360587002098
1 0.7265625 0.33542976939203356 0.025 0.04821802935010482
1 0.2546875 0.2222222222222222 0.0375 0.05450733752620545
1 0.365625 0.2641509433962264 0.025 0.041928721174004195
1 0.403125 0.18867924528301888 0.021875 0.033542976939203356
1 0.590625 0.1949685534591195 0.0171875 0.0440251572327044
0 0.253125 0.6918238993710691 0.040625 0.04612159329140461
0 0.253125 0.5534591194968553 0.0265625 0.025157232704402517
0 0.3734375 0.5911949685534591 0.034375 0.03563941299790356
0 0.4671875 0.45073375262054505 0.0328125 0.031446540880503145
0 0.25625 0.16771488469601678 0.028125 0.033542976939203356
0 0.334375 0.15513626834381553 0.0234375 0.018867924528301886
0 0.3984375 0.1488469601677149 0.021875 0.020964360587002098
0 0.5796875 0.1530398322851153 0.015625 0.016771488469601678
0 0.6984375 0.23060796645702306 0.015625 0.018867924528301886
0 0.7078125 0.2976939203354298 0.01875 0.016771488469601678
0 0.9921875 0.469601677148847 0.0140625 0.023060796645702306
0 0.721875 0.4360587002096436 0.0171875 0.020964360587002098
0 0.69375 0.4549266247379455 0.0171875 0.029350104821802937