0 0.14430008634038216 0.39844985589355775 0.04934668977951393 0.062352789596661004
0 0.22146265159486136 0.4431055495349372 0.036883057370694416 0.06371283120259942
0 0.2682116714464933 0.5391707148726613 0.03521145459715278 0.056564335232381524
0 0.363685212765278 0.3560364996380749 0.03510235182361114 0.04953857410825974
0 0.4254195337193403 0.1608958037135929 0.027289851823611145 0.048924899877779135
0 0.41767846248093754 0.06438612896621078 0.028634146276527873 0.0349961124756317
0 0.48493869766329867 0.07434756809775825 0.041206881458888844 0.04066183199381516
0 0.8485310318194793 0.27365950489959084 0.03677395459715278 0.05668707007847765
0 0.5415933136389586 0.4565565911111044 0.04625805737069442 0.06444924027917602
0 0.42642290852871556 0.4767482171838327 0.04941942496187508 0.06703663034607553
0 0.47611247758291686 0.36018956780758055 0.044622822188333446 0.05964266468366538
0 0.8227471689779513 0.07047469740637281 0.032994337955902606 0.014287033641554722
1 0.20701959830822947 0.5179906132519619 0.061447952697291794 0.13815338550996617