1 0.39787333131763714 0.1844976894367364 0.2667533373647258 0.3689953788734728
1 0.7795954986473645 0.21053824923518644 0.30921355736790745 0.4210764984703729
0 0.3980620459500478 0.5877997984248956 0.16068405601527208 0.18773642906533883
0 0.7187012626114117 0.6422857632016165 0.1748556440165448 0.20340333894919113
0 0.48845977928072964 0.6170303486390518 0.014207950668363622 0.02075596840802533
0 0.18340919995227492 0.5671892931516892 0.01102840666772722 0.013033550774802864
1 0.06283307061586597 0.6075049165600169 0.023673857336090776 0.03374510425934666
1 0.18288248862191114 0.5315880909442188 0.026907945337363424 0.04910110967882881
1 0.5043756806174569 0.5758737312108528 0.030087489337999783 0.05682352731205113
1 0.60433986529282 0.4687276838242324 0.026944308004454243 0.054190168203001834
0 0.06265125728041152 0.6329502091808821 0.012627269334818125 0.018167024222457282
0 0.5923393046228658 0.5085009993126844 0.01733295066836362 0.020844798254988247
0 0.18183651460059397 0.7872910743221727 0.00946590666772722 0.012989135851321477
1 0.18586094326863933 0.7706405968099067 0.012718176002545345 0.03088967053288985
1 0.07199843793763923 0.7458930643411024 0.012718176002545345 0.03088967053288985