1 0.4875 0.5542452830188679 0.065625 0.17688679245283018
1 0.134375 0.49764150943396224 0.0515625 0.12971698113207547
1 0.0890625 0.5235849056603774 0.0484375 0.11320754716981132
1 0.565625 0.7665094339622641 0.109375 0.1792452830188679
0 0.5140625 0.41273584905660377 0.0453125 0.06367924528301887
0 0.646875 0.6556603773584906 0.0515625 0.07783018867924528
0 0.1859375 0.41745283018867924 0.0359375 0.06367924528301887
0 0.0859375 0.4386792452830189 0.034375 0.03537735849056604
0 0.0953125 0.4033018867924528 0.0328125 0.04245283018867924
1 0.653125 0.4221698113207547 0.01875 0.049528301886792456
0 0.6515625 0.375 0.021875 0.014150943396226415