0 0.2957397661488191 0.6093737792467376 0.06537173328250008 0.07631187906324793
0 0.3490297267298955 0.5108047201766116 0.052435322188333446 0.051012530888033036
0 0.4521008285535066 0.47055819612268923 0.04473192496187508 0.05716696547517657
0 0.5340593433711456 0.476020314966051 0.044622822188333446 0.05089081484756151
0 0.6471957762168052 0.4411621472877541 0.049455792553055565 0.05933204530866446
1 0.6331709502287499 0.34886850600179004 0.08495818787965277 0.12472115237209513
1 0.28169675636517333 0.5181261630653761 0.07271276101791671 0.13917075817177588
1 0.5221600618360067 0.3963154897474585 0.07213087955902786 0.10569795482449543
1 0.34327134242121504 0.4374734184180115 0.07358427678548622 0.09944614740497469
1 0.44866801044923593 0.398309434280833 0.06722517401194458 0.09307262394498231
0 0.19939078980017316 0.6675122745153271 0.015988675911805573 0.02116393417299327
0 0.2832391129384371 0.6541702846839381 0.015843205547083274 0.012795733336173188
0 0.7140728452710066 0.5499738342179628 0.006504573138263936 0.014741724296812466
1 0.7074234549784025 0.5278977625848856 0.012936411094166544 0.02529934817521489
1 0.7244297702328817 0.49363453781799316 0.009738675911805572 0.02106656134061619
1 0.7543536595755553 0.48049873241195257 0.016134146276527872 0.029532135009813474