0 0.8335911206787626 0.6603308050551863 0.0929891335443795 0.12364997911081424
0 0.7200621666012699 0.7921942797117473 0.1101766335443795 0.12395044058536807
0 0.6450705267886843 0.8308029357216499 0.035284282132453625 0.04754927975661939
0 0.5796501152684863 0.8190923389007541 0.10227320533113407 0.11911903150709277
0 0.40399088572245745 0.850070653481652 0.09538670783841656 0.08614592302381494
0 0.27192384646386786 0.5671505297603388 0.2299101235152495 0.25745444060926803
1 0.8101429119824163 0.4990683334378754 0.17485891066226814 0.2377190841035922
1 0.6252617951310844 0.6026800276728921 0.11437605172849494 0.26012799000665715
1 0.5213017208370473 0.5632912587000548 0.1831547954602888 0.34346214563851296
1 0.38805130014564926 0.6642832105981695 0.10234741316955054 0.20359875908110886
1 0.23499346245727004 0.21427304267786376 0.3262061134861197 0.3905487204405945