1 0.5115157795632499 0.577796300013576 0.07570904800821018 0.1872562673477564
1 0.8661669181269314 0.5839402278676871 0.05990224082661797 0.13940020536099898
1 0.9100396379745064 0.617701352374004 0.0551511083130606 0.1226848961989341
1 0.42244925526455734 0.7755013020802866 0.11949540944452863 0.19861173147671518
0 0.49299251765939334 0.43313918721937095 0.048701120413308985 0.07052360347970288
0 0.34698110177195696 0.6507450347325302 0.05657725292686626 0.08737616277496812
0 0.8197368248409855 0.49465163745958274 0.03932612041330898 0.07011185308010118
0 0.91830613504764 0.5331731298629471 0.0360920361043533 0.041672716154447696
0 0.910352734481906 0.49627340075636084 0.03455680718159222 0.04867956278596085
1 0.3531124062230748 0.41756328149449545 0.022074987899751618 0.05284754338523397
0 0.35761809904148245 0.37059934537354156 0.021938632513557366 0.01747018489466793