1 0.8620499775829169 0.2681946360123756 0.26159995516583373 0.5363892720247512
1 0.17618717239642387 0.4177439190460202 0.2360531348773614 0.4675345388818454
1 0.47171853115388923 0.45912014781242644 0.14142769984750014 0.23295558502227176
1 0.6141053996950003 0.4179336357098303 0.1234050516711113 0.2736884398640818
1 0.7339626515948613 0.3403597672103693 0.1409211664125003 0.38309860432262904
1 0.9782562058314237 0.5566068794934702 0.043487588337152515 0.1156271270087474
0 0.8348764138470491 0.7016015498979541 0.21740831838861113 0.20372092322823449
0 0.7568962310013894 0.6692778973706855 0.06838763050895835 0.0725513898439867
0 0.621267202316042 0.6494962792273068 0.11420927678548623 0.1042458772121871
0 0.5016995847248615 0.6539161876483451 0.08579333605604163 0.08601321793001704
0 0.22108797720166723 0.8405457456398702 0.19030030452090285 0.17095955179066652
0 0.985560212765278 0.5541363973451615 0.028879574469443982 0.0480556825451154