1 0.8827863226845901 0.6619263761097365 0.23442735463081982 0.5945066390966615
1 0.19391746339908789 0.6501088610501559 0.22580216804581604 0.45438897618498947
1 0.4764839680537703 0.536563858345853 0.1363022213558171 0.22338350855603606
1 0.6218237400540885 0.541954574363859 0.11793402936027153 0.26693333602653924
1 0.7503305480585428 0.5877878862312179 0.13294195870463454 0.37571146646750325
1 0.9682067493634531 0.31146363474716976 0.05565111067790838 0.1114974151804133
0 0.7977937046864991 0.207575301132565 0.21257382001908987 0.1911709127731241
0 0.7255738066915898 0.25655008926134903 0.06778748400699967 0.06993810083334162
0 0.5940334526973168 0.310864814693212 0.1133363413430903 0.09778245480119858
0 0.4786539007001803 0.3372508941155246 0.08350339067472703 0.08061943806651665
0 0.1769090400222717 0.22192742795101772 0.18730110001590833 0.15946699449440724
0 0.9729124306969986 0.3136241945810054 0.041024989337999786 0.04656062085635954