1 0.1296875 0.6791666666666667 0.2125 0.5645833333333333
1 0.815625 0.6125 0.196875 0.42916666666666664
1 0.53125 0.5229166666666667 0.121875 0.20833333333333334
1 0.3875 0.5395833333333333 0.1015625 0.25416666666666665
1 0.2625 0.59375 0.109375 0.35833333333333334
1 0.0296875 0.33958333333333335 0.05625 0.10625
0 0.1953125 0.22291666666666668 0.2 0.16666666666666666
0 0.26875 0.26875 0.0640625 0.06041666666666667
0 0.4 0.3104166666666667 0.10625 0.08333333333333333
0 0.5171875 0.32708333333333334 0.0796875 0.07083333333333333
0 0.80625 0.19166666666666668 0.1765625 0.13958333333333334
0 0.0234375 0.3416666666666667 0.0453125 0.041666666666666664