0 0.29699463929312964 0.3388680416589922 0.11685284200867016 0.17726994638556112
0 0.33681673151356134 0.14463035197719606 0.06384966837349922 0.08787561879828037
0 0.3791561499576477 0.10906833733401539 0.06054265785015556 0.08244872973433177
0 0.431507605233437 0.09235109244678318 0.07671368942018653 0.09932676479766465
0 0.5008568447100933 0.09386860488887101 0.09233868942018653 0.1008201844763822
0 0.5920810841867497 0.0974769048811634 0.12166216837349922 0.09340127160953525
0 0.744788855233437 0.1222941570050695 0.14895271046687403 0.11645290557617552
1 0.2006572365634717 0.49831691199416167 0.1508021787556685 0.34406066590981677
1 0.35766682878390343 0.3152798699027469 0.07521137357870131 0.18862232863763917
1 0.4122101156156063 0.33838088574304037 0.07748650512049764 0.2527248927402032
1 0.47999685509226264 0.33974905621725643 0.09209503669052861 0.2694535858356645
1 0.5679441761248325 0.3826529200495233 0.14729774715740263 0.3769459733395348
1 0.652538984003223 0.4188478435357903 0.15885687343752686 0.4393804866852269
1 0.8019775418816133 0.4612404586887349 0.2217964891943076 0.5016150798424817