0 0.3125 0.26854219948849106 0.096875 0.13810741687979539
0 0.375 0.08951406649616368 0.053125 0.06649616368286446
0 0.421875 0.061381074168797956 0.0515625 0.061381074168797956
0 0.475 0.05370843989769821 0.065625 0.0792838874680307
0 0.54375 0.058823529411764705 0.0796875 0.08951406649616368
0 0.6328125 0.06649616368286446 0.1078125 0.09718670076726342
0 0.7796875 0.09718670076726342 0.128125 0.13554987212276215
1 0.196875 0.4040920716112532 0.1078125 0.2966751918158568
1 0.3734375 0.2557544757033248 0.0515625 0.16624040920716113
1 0.425 0.2864450127877238 0.0453125 0.22762148337595908
1 0.490625 0.2966751918158568 0.0578125 0.24040920716112532
1 0.5703125 0.35294117647058826 0.1 0.33248081841432225
1 0.646875 0.40153452685422 0.103125 0.391304347826087
1 0.7875 0.46547314578005117 0.159375 0.4322250639386189