0 0.3043584431828667 0.23368735588428607 0.10155459172016937 0.15188443396787654
0 0.372714751217816 0.046548554080698176 0.055451159090609534 0.07492878700566967
0 0.42143862337679455 0.025830237094669164 0.05227161201270878 0.05166047418933833
0 0.4753857836852201 0.024509515684404348 0.06797843262955983 0.049019031368808696
0 0.5448352130683691 0.02979237415245046 0.08373980032431164 0.05958474830490092
0 0.6369408924515181 0.0339865048064998 0.1135363944801128 0.0679730096129996
0 0.7881079261367381 0.06008539037796481 0.13590231818121906 0.12017078075592962
1 0.1825868088490235 0.37776145652752857 0.11733532467404081 0.314228759417686
1 0.3677624241081432 0.21852250674475845 0.056514827109672795 0.17492878700566972
1 0.41973798133231366 0.2501382868012365 0.052536439122381574 0.2413268323685537
1 0.48678911363756183 0.25910856093419765 0.06517280681713337 0.2548636686658203
1 0.5681930722417041 0.31338204709235984 0.10990465421934559 0.3496784931421509
1 0.6449777146932222 0.3615138981440482 0.1152467191541536 0.41148557598439517
1 0.7895538291415629 0.4224174069575546 0.17355014285525988 0.4609524182182276