1 0.7679975837197801 0.5960532049736106 0.09442268657189175 0.19870410781589487
1 0.6530947463857627 0.5903631729455178 0.08184996369925486 0.17699655156010033
1 0.5716402133064713 0.5404366475825412 0.07252950585373234 0.19148511513748526
1 0.4965947615110732 0.5347845492198724 0.07568177693097126 0.19947610676553654
1 0.40888568325224206 0.48417334044633153 0.0818681444174139 0.18212475668830544
1 0.2994970477136226 0.49078112435120047 0.09125223477649361 0.18558491105963862
0 0.7822868218159236 0.43822419986857253 0.04862839754067192 0.05847575485017813
0 0.5882959273003137 0.3887938859359518 0.05018180718159222 0.05606099425394743
0 0.5038891110435351 0.38788399322666756 0.043949987899751616 0.06059183151066539
0 0.4263044665279251 0.3273277026876013 0.04709316861791084 0.0660187205746141
0 0.3278260599120669 0.3251977851250602 0.050181807181592396 0.05606099425394728