1 0.228125 0.6128205128205129 0.08125 0.17435897435897435
1 0.340625 0.6153846153846154 0.0703125 0.1564102564102564
1 0.4234375 0.5743589743589743 0.059375 0.1717948717948718
1 0.496875 0.5717948717948718 0.0625 0.1794871794871795
1 0.5859375 0.5282051282051282 0.0703125 0.15897435897435896
1 0.69375 0.5461538461538461 0.0796875 0.16153846153846155
0 0.2234375 0.4564102564102564 0.0453125 0.04358974358974359
0 0.415625 0.4256410256410256 0.046875 0.04358974358974359
0 0.4984375 0.4282051282051282 0.0390625 0.04871794871794872
0 0.578125 0.3769230769230769 0.04375 0.05128205128205128
0 0.675 0.382051282051282 0.0453125 0.041025641025641026