1 0.7527010450803825 0.6556133885462618 0.08783394789030421 0.18041468669217725
1 0.6386385450803825 0.6501809510490452 0.07638702564056317 0.16199095472882802
1 0.5578444634011821 0.6027958001986051 0.0675214478903042 0.17944726631596072
1 0.4829172380082879 0.5966662417447719 0.07079199710451575 0.1847111897340605
1 0.3960187055432992 0.5438683335721987 0.0765325748547749 0.16710604424289452
1 0.2869883079006641 0.55404162394924 0.08598034946188075 0.17011009071202782
0 0.7657340461138398 0.5000124516033253 0.046622442927905364 0.0481938972350817
0 0.5715131652204277 0.4523471612457435 0.04818494292790536 0.04826831418709842
0 0.4886278906133218 0.45096060754589345 0.04044521753501122 0.05045377418404834
0 0.4097601819696507 0.39086214986230383 0.04520549214211726 0.05323456979713147
0 0.3128124073625448 0.38880584359430387 0.04662244292790545 0.0481938972350817