1 0.18821920008272552 0.3993120529633126 0.03952615016215577 0.048569294215056916
1 0.2590714423720878 0.5015322953401984 0.10598872158978576 0.2956881177862461
1 0.3112163693196048 0.36067633542329847 0.041170470779006776 0.056974461526834594
1 0.3694731542226409 0.47303485222755404 0.10078302434972919 0.24261746264757028
1 0.465358398540598 0.4115731281032608 0.03730117694751698 0.14039405708453762
1 0.5561100836057898 0.4755811467709467 0.0705773271096728 0.1887688658964945
1 0.6863470085247119 0.4951981442040772 0.11708986282348768 0.3127415591636767
0 0.20017945779336327 0.29451487899535295 0.022420470779006774 0.056391005317534965
0 0.23818401826394459 0.2418159331505696 0.09470457386326192 0.10041031725819795
0 0.3058254857965405 0.2731270882358692 0.031768197240056396 0.053897218101850594
0 0.34816299026076736 0.25649397750310626 0.058576159090609536 0.07979341894803359
0 0.3970817313323136 0.2856030734773713 0.036455697240056484 0.054043082154175505
0 0.4648050194817605 0.30855768260166805 0.028425008928453722 0.031515852837626486
0 0.5429163827122855 0.3075193727230862 0.04914661201270896 0.07393066020271517
0 0.5690794622575901 0.2677199059506194 0.03472955600635448 0.03728136888139488
0 0.6779595844165687 0.23509281120824857 0.09346935633066593 0.13378787975143405
1 0.41589023255012963 0.358811462581542 0.034702282467404186 0.03449585356106062