1 0.196875 0.3816155988857939 0.0375 0.04456824512534819
1 0.265625 0.49303621169916434 0.0953125 0.28133704735376047
1 0.31875 0.3593314763231198 0.0390625 0.052924791086350974
1 0.375 0.479108635097493 0.090625 0.22841225626740946
1 0.4703125 0.42896935933147634 0.03125 0.13370473537604458
1 0.559375 0.5041782729805014 0.0640625 0.181058495821727
1 0.6859375 0.5376044568245125 0.103125 0.298050139275766
0 0.2109375 0.2785515320334262 0.0203125 0.05013927576601671
0 0.2484375 0.233983286908078 0.090625 0.08913649025069638
0 0.315625 0.27019498607242337 0.0296875 0.05013927576601671
0 0.3578125 0.2618384401114206 0.05625 0.07242339832869081
0 0.40625 0.29526462395543174 0.034375 0.05013927576601671
0 0.471875 0.32590529247910865 0.028125 0.027855153203342618
0 0.55 0.3342618384401114 0.046875 0.06685236768802229
0 0.575 0.298050139275766 0.0328125 0.033426183844011144
0 0.684375 0.28133704735376047 0.0875 0.12256267409470752
1 0.421875 0.37047353760445684 0.0328125 0.03064066852367688