1 0.20128266983346813 0.42777990600771343 0.03988085391920819 0.052976802058803
1 0.2756210917785073 0.5361217717646636 0.11106919530200425 0.30298269547181034
1 0.322543904394062 0.39902853121669396 0.04157974623907634 0.061446849071517214
1 0.38532270071228053 0.5162684427069781 0.10551787727617326 0.24971740123032507
1 0.4788310083132702 0.46046116162799994 0.03821070533113406 0.14188629020607638
1 0.5720641827655919 0.5312245760466635 0.07340405925034225 0.1945225891097451
1 0.702873913565262 0.5615932787670765 0.12071697994174038 0.3203767937040848
0 0.2097340158351176 0.324060838331303 0.022784282132453627 0.05729932113064552
0 0.24561167986259802 0.27519607962033826 0.09538670783841656 0.10708861463472041
0 0.3148617850354475 0.31083079441931893 0.03211381802583091 0.05519481212057997
0 0.35599525039571145 0.2971254803676668 0.06064799498543501 0.08230746893439447
0 0.4064726235152496 0.3300054248859429 0.036801318025830906 0.05553531527571433
0 0.47480508636823104 0.35722684319806514 0.03018760517284953 0.03279718850619445
0 0.5544698543149197 0.36162263917518195 0.051182066772189574 0.07605543198345724
0 0.5772708568222022 0.324327940466174 0.03496603338609496 0.03870872230199733
0 0.6853190375427299 0.2987900797161086 0.09593227711788863 0.14051479847873155
1 0.4272086723407506 0.4052403440211941 0.03492056927947225 0.03592320698166315