0 0.7825605602292115 0.64356692928532 0.051719008897248564 0.05931954561969608
0 0.7165044787082807 0.6350946354106349 0.04059050790866543 0.05247472412931149
0 0.6822568127006695 0.6324960213364123 0.0596588428896375 0.06390731744977769
0 0.6307407336511967 0.6075378900663143 0.03721083992388792 0.04388856054495836
0 0.5898292321683218 0.6189470461987729 0.029207338935304604 0.0371910840735263
0 0.4763861560845985 0.5779484735355735 0.048148339923887916 0.044404268111292076
0 0.41511307505795914 0.5660906051704343 0.036765170950527094 0.029120628055506647
0 0.35965891251038906 0.5423715074947021 0.024519838935304693 0.036970066545097394
0 0.33649332654083397 0.5603173960129095 0.04189833992388783 0.04410957807338703
0 0.23676258197804137 0.5302591462918499 0.054780341901054186 0.057357185997298395
0 0.23464432505795915 0.5745997800149425 0.04677684091247105 0.05065970952586633
0 0.15980083395520772 0.5212477076628236 0.061348676882026165 0.06820039924195449
0 0.0796994984799442 0.5387180858148892 0.04346083992388783 0.044183250582863175
1 0.8036171595446395 0.5403990203208576 0.09801568874502423 0.14577056153903986
1 0.7274393201150433 0.5829648366406972 0.056024506920082116 0.04688233530002372
1 0.7053361684418882 0.4881520356108828 0.10853669467652338 0.18418728014020122
1 0.6361086659704303 0.5072164108379649 0.04349001482874755 0.0968521941071423
1 0.6038399940313199 0.5424451352890934 0.060804848821136306 0.10188200099408148
1 0.511334159050348 0.5573403365549439 0.03233233893530461 0.03733842909247882
1 0.48181775540002647 0.4755172896658738 0.08325285178688588 0.12190075789890105
1 0.42252366844188816 0.501486759826086 0.043299013840164415 0.09052308018309167
1 0.35743717931630303 0.4350344245690082 0.08889535672980173 0.15376734504758313
1 0.2768384367306768 0.3914338768861322 0.09648236364988402 0.1983658325538426
1 0.1793586002668301 0.4160437665664874 0.0920840237259962 0.15602439470788587
1 0.10360918376492731 0.41856203095541095 0.0873965237259962 0.15580337717945694