0 0.8195685217691825 0.6710122203873409 0.053090283665263985 0.06069215933699018
0 0.7543701077040319 0.6593369529226902 0.04187996515360961 0.049799908686169674
0 0.7205581028947085 0.6519538686497882 0.06106647477225646 0.06726679286394753
0 0.6689583973597456 0.6219041764484287 0.0370833377489479 0.04543318764172527
0 0.626989152169069 0.6316688008695258 0.030560519237293703 0.03468824875264875
0 0.5153869640573013 0.57922345427473 0.049583337748947895 0.04582601900637621
0 0.4532317044386545 0.5642854220068912 0.03670139183263199 0.030665255152273797
0 0.3985615626060225 0.5364436422880445 0.024310519237293705 0.034491833070323524
0 0.3739162266711731 0.5509423851861225 0.043333337748947987 0.04562960332405074
0 0.2759226707733905 0.5107378831144863 0.05616071996293313 0.0586806625368027
0 0.2747247585223385 0.5551153364637127 0.0465674651536097 0.04994722044791366
0 0.1981696930059091 0.4973457423731363 0.06112103847458741 0.06937649750529774
0 0.11864588411290167 0.5061791562468353 0.04489583774894799 0.04567870724463199
1 0.8388244640573014 0.5690589427143918 0.10058533175849824 0.1465043586878574
1 0.7655060151457604 0.6062015055242843 0.05750496515360979 0.05029094789198311
1 0.7403671166897066 0.510921951191279 0.11250497840045366 0.18482276967623068
1 0.6718899352013608 0.5236310469036092 0.046150802902557686 0.09420191399568684
1 0.6398958907363237 0.5563077988560706 0.061939494009550164 0.10102206712555091
1 0.5485169225874891 0.5602352305307542 0.03379464664195542 0.039005865876511905
1 0.5174281244942549 0.47675546740750063 0.08592263103285873 0.12285567234777316
1 0.4593800115175634 0.499693910842803 0.0444791754978958 0.08993340079240505
1 0.39497028193598344 0.4278184052187994 0.09293652286549073 0.15258795300900146
1 0.3115476575265467 0.37659889269488944 0.1003323606144388 0.19708816615968125
1 0.21658982159169718 0.3933073120191278 0.09460815027015253 0.15685646621228325
1 0.14059031678237374 0.387250033601922 0.09153771397248334 0.15886796301247086