0 0.1828125 0.4008438818565401 0.04375 0.046413502109704644
0 0.2484375 0.39451476793248946 0.0328125 0.04008438818565401
0 0.2828125 0.3924050632911392 0.0515625 0.05063291139240506
0 0.3359375 0.4050632911392405 0.03125 0.03375527426160337
0 0.3734375 0.3860759493670886 0.0234375 0.027426160337552744
0 0.490625 0.4050632911392405 0.0421875 0.03164556962025317
0 0.55 0.4050632911392405 0.0328125 0.0189873417721519
0 0.6078125 0.4177215189873418 0.01875 0.029535864978902954
0 0.6296875 0.39662447257383965 0.0375 0.03375527426160337
0 0.7296875 0.40717299578059074 0.046875 0.04219409282700422
0 0.725 0.3628691983122363 0.040625 0.0379746835443038
0 0.80625 0.4008438818565401 0.0515625 0.05063291139240506
0 0.88125 0.37130801687763715 0.0390625 0.03375527426160337
1 0.178125 0.5042194092827004 0.0765625 0.12025316455696203
1 0.2453125 0.4472573839662447 0.05 0.03375527426160337
1 0.28125 0.5337552742616034 0.08125 0.15822784810126583
1 0.346875 0.5021097046413502 0.0296875 0.08649789029535865
1 0.3734375 0.4620253164556962 0.0453125 0.08649789029535865
1 0.459375 0.43248945147679324 0.0265625 0.029535864978902954
1 0.5015625 0.5042194092827004 0.065625 0.10126582278481013
1 0.5546875 0.46835443037974683 0.0296875 0.08016877637130802
1 0.6265625 0.5210970464135021 0.0671875 0.1308016877637131
1 0.7140625 0.5464135021097046 0.0671875 0.17721518987341772
1 0.803125 0.5063291139240507 0.06875 0.1350210970464135
1 0.8765625 0.49156118143459915 0.0640625 0.1371308016877637