1 0.8265870352880477 0.49507723165994644 0.14878404002227158 0.248345590593482
1 0.6818194279519567 0.5269317005011543 0.13764654535327187 0.22236741457306608
1 0.4742887386219111 0.4922817507714063 0.11270108935390813 0.22920721392135954
1 0.1405495379535476 0.5140278840999685 0.15846812269254426 0.2884277246614013
1 0.37447109929981975 0.3684588096485983 0.0983295066836356 0.1890840128194806
1 0.5677034786362286 0.3326505696917677 0.07634541868236297 0.17477471960217852
1 0.19108643463559233 0.34300844494927424 0.029052248010817693 0.1202464022037582
0 0.8556034679742284 0.27836708572655416 0.10541475334181775 0.09503481081725648
0 0.7777966413112737 0.2378750657043136 0.07093066534054504 0.08061600550939521
0 0.5695937899825008 0.18911431342140195 0.055160214672181594 0.0616555859844316
0 0.7099637039704104 0.321993104955775 0.08839088534372674 0.1160607022809729
0 0.4790409679742284 0.2816661374546488 0.0852840666772721 0.11838626543480373
0 0.38037674864736454 0.21077068379110922 0.04732953333863614 0.059234199751361516
0 0.18368356198281896 0.1889660874527101 0.08352157200827234 0.09249022348230737
0 0.15420459997613747 0.26333698122095167 0.11012043467536325 0.09742881902768671