1 0.171875 0.45774647887323944 0.1328125 0.2300469483568075
1 0.3140625 0.5093896713615024 0.1234375 0.20422535211267606
1 0.521875 0.49765258215962443 0.0984375 0.2136150234741784
1 0.8515625 0.5633802816901409 0.1390625 0.2676056338028169
1 0.6296875 0.38967136150234744 0.0875 0.176056338028169
1 0.4390625 0.3333333333333333 0.0640625 0.16666666666666666
1 0.8109375 0.3873239436619718 0.021875 0.11737089201877934
0 0.159375 0.24413145539906103 0.0984375 0.08215962441314555
0 0.2375 0.2136150234741784 0.0671875 0.07042253521126761
0 0.446875 0.19014084507042253 0.0515625 0.0539906103286385
0 0.2984375 0.3028169014084507 0.08125 0.1056338028169014
0 0.53125 0.29107981220657275 0.078125 0.1056338028169014
0 0.634375 0.2323943661971831 0.04375 0.0539906103286385
0 0.8296875 0.2347417840375587 0.078125 0.08215962441314555
0 0.8546875 0.3145539906103286 0.1046875 0.07981220657276995