1 0.8143924912910183 0.5966464071884469 0.15330215940862715 0.2530651619577429
1 0.6743501644896988 0.5248193163698787 0.14186455423577726 0.22708698593732726
1 0.4622138773426803 0.5041340814186083 0.1169554824490227 0.23157384410915016
1 0.13303249419401225 0.3941731874893788 0.16340458511458977 0.29079435484919164
1 0.344702116917839 0.6007681534044654 0.10216555674305985 0.19380358418374163
1 0.5329091590794224 0.6871372506327739 0.07840980799670091 0.1771276607786491
1 0.15995504387744314 0.5779695349748226 0.03205163354437941 0.12261303239154853
0 0.8101643293751091 0.8154699366002114 0.10815949247815268 0.0997543821815174
0 0.7269653844688163 0.8347444190002572 0.0718582796251713 0.08061600550939521
0 0.5137295985754389 0.8305229277786209 0.05586956677218975 0.06165558598443166
0 0.6733606628403461 0.7377878708631068 0.09133570533113407 0.11842733246876325
0 0.436247107746639 0.7157071411424827 0.08821070533113406 0.11839995444612374
0 0.327570789720808 0.7594684817143511 0.04961956677218975 0.061600829939151856
0 0.1288976090002802 0.7294878386534174 0.08619356426490725 0.0948568536700981
0 0.11019908478538538 0.645780469741553 0.11280152837152993 0.0974425080390066