1 0.3302063383371524 0.7240602543389039 0.06446384992375007 0.15301117084741578
1 0.3855478017680205 0.7315079655600117 0.05497974715020844 0.14426562335400828
1 0.4853295962209371 0.7440717078030324 0.06460932028847247 0.16415323212875282
1 0.5568961249062844 0.7049100803512836 0.101637848023889 0.24920986427966585
1 0.7747187513311802 0.7668640185970276 0.09684124525034718 0.2406588175524607
1 0.9276073619885066 0.7786161764832545 0.10192878875333342 0.27149398684233994
0 0.3409451230064233 0.6192144282939642 0.031977351823611146 0.05700697818136806
0 0.40722408643729135 0.6262083043939332 0.05069098423243066 0.05499946592584355
0 0.38662064570784693 0.6493352636101511 0.028597778685347207 0.03737870376155988
0 0.45388022767982605 0.700832551246734 0.027108013867708357 0.04288490081349439
0 0.4916536378240622 0.6185290176217881 0.04138871941479181 0.06018149503410704
0 0.5691798789903469 0.5415360157849574 0.06199216014423605 0.08330845425032522
0 0.7886741081887845 0.5950685744809645 0.04774782218833344 0.06879737535004651
0 0.9404184461446871 0.5748521397720816 0.06831489532659703 0.08913881924593012