1 0.359375 0.7799442896935933 0.0515625 0.13649025069637882
1 0.415625 0.7743732590529248 0.0421875 0.12813370473537605
1 0.5140625 0.7632311977715878 0.05 0.15041782729805014
1 0.58125 0.7075208913649025 0.078125 0.22284122562674094
1 0.8 0.7158774373259053 0.0734375 0.21448467966573817
1 0.95625 0.6935933147632312 0.0859375 0.24512534818941503
0 0.3609375 0.6740947075208914 0.028125 0.04735376044568245
0 0.4265625 0.6657381615598886 0.0453125 0.03899721448467967
0 0.4078125 0.6935933147632312 0.025 0.027855153203342618
0 0.4796875 0.7270194986072424 0.0234375 0.036211699164345405
0 0.5078125 0.637883008356546 0.0359375 0.04735376044568245
0 0.5765625 0.5431754874651811 0.05625 0.06685236768802229
0 0.796875 0.5459610027855153 0.0421875 0.052924791086350974
0 0.9453125 0.48746518105849584 0.0625 0.06963788300835655