1 0.3637400961864684 0.21224953929192722 0.060649812521204535 0.14705541173839123
1 0.42308781433530307 0.20900011899228405 0.051165685116542826 0.1411762765719965
1 0.5246230324841376 0.20443425524833392 0.060922631032858734 0.1610218921853186
1 0.5966170835725967 0.24830518973371407 0.09531747840045349 0.24305137923418046
1 0.8216890054422956 0.20494693028643074 0.08890378729346118 0.23447646230760824
1 0.9658941012698691 0.20739575420172618 0.06821179746026189 0.26182433722621545
0 0.37128226687504096 0.3182241406124614 0.030724210344286275 0.053999011825799303
0 0.44008683057737186 0.3188721214592727 0.04936508293962447 0.048997505622275825
0 0.41842016170289786 0.2902007342428787 0.02872520072563951 0.03160388594611147
0 0.49103920616793506 0.24600970616571044 0.02576389183263199 0.03988625988506
0 0.526351712791357 0.33295025394236777 0.040099210344286186 0.054291554813422994
0 0.6015352512659444 0.42004414206631685 0.06246528366526398 0.08011381992234773
0 0.8282515186891395 0.3808270695885078 0.04651290145127902 0.06286647173999522
0 0.9742956502701524 0.4152525270379242 0.05140869945969513 0.07727176666835837