1 0.103125 0.421875 0.109375 0.28125
1 0.2390625 0.453125 0.0890625 0.309375
1 0.3484375 0.434375 0.0859375 0.30625
1 0.465625 0.45 0.0828125 0.246875
1 0.603125 0.44375 0.0828125 0.24375
1 0.7328125 0.428125 0.09375 0.275
1 0.896875 0.409375 0.08125 0.2625
0 0.1015625 0.1625 0.05625 0.059375
0 0.240625 0.175 0.0453125 0.059375
0 0.353125 0.165625 0.0515625 0.06875
0 0.4578125 0.228125 0.05625 0.075
0 0.6046875 0.203125 0.046875 0.065625
0 0.7390625 0.171875 0.05625 0.05625
0 0.9078125 0.178125 0.0546875 0.065625