0 0.1234375 0.3416666666666667 0.1125 0.08611111111111111
0 0.2203125 0.30277777777777776 0.0625 0.09722222222222222
0 0.36875 0.3388888888888889 0.0640625 0.1111111111111111
0 0.5296875 0.35 0.0828125 0.12222222222222222
0 0.6328125 0.3194444444444444 0.0828125 0.10833333333333334
0 0.728125 0.38333333333333336 0.08125 0.1111111111111111
0 0.803125 0.2972222222222222 0.1109375 0.13333333333333333
1 0.3453125 0.6861111111111111 0.1265625 0.39444444444444443
1 0.5265625 0.6583333333333333 0.109375 0.3638888888888889
1 0.634375 0.6694444444444444 0.084375 0.39166666666666666
1 0.7328125 0.7083333333333334 0.04375 0.3638888888888889
1 0.8203125 0.6805555555555556 0.1109375 0.44722222222222224