0 0.12192105965180519 0.7743732590529248 0.12187630642076393 0.11977715877437325
0 0.22255683928708297 0.7855153203342619 0.07340243882958335 0.116991643454039
0 0.3696688818401386 0.7075208913649025 0.07670927678548622 0.1309192200557103
0 0.5336956674593399 0.6504178272980501 0.0956774823325695 0.14763231197771587
0 0.6398911160725691 0.6545961002785515 0.09549564437666672 0.13370473537604458
0 0.7325156803771178 0.5612813370473537 0.0939695119678472 0.13649025069637882
0 0.812929225779965 0.6253481894150418 0.12561955547083342 0.1671309192200557
1 0.32027221314652765 0.362116991643454 0.16973584422416685 0.43454038997214484
1 0.5065006538759721 0.3398328690807799 0.14898693313000014 0.4011142061281337
1 0.6140592339480901 0.2994428969359331 0.12580400626826424 0.4206128133704735
1 0.7118070561364235 0.23259052924791088 0.08310735999173638 0.3816155988857939
1 0.8023775047496526 0.23676880222841226 0.15774499050069474 0.4735376044568245