0 0.8596938165856592 0.6812829970283505 0.12180357123840295 0.1241959126411606
0 0.7578767434473954 0.7092145392445167 0.07336607123840277 0.12017405134595109
0 0.6087677494313191 0.6534242101653631 0.07511040919430556 0.13423136540875805
0 0.44457861607256915 0.6169722365491723 0.095641114741389 0.15263104432552904
0 0.33663882950343715 0.6356734249887118 0.09386040919430556 0.13578821494238766
0 0.2448156586256247 0.555649071335762 0.09233427678548622 0.13844399280158612
0 0.16185703505052054 0.6334909287139148 0.12558318787965286 0.17459466332944892
1 0.6618421173068401 0.2942491455275353 0.16192334422416685 0.4475141360857239
1 0.4752506538759721 0.30000346851209236 0.14426306553881965 0.4098753248488848
1 0.3647859325613193 0.27300312908838803 0.11959037385944474 0.43286916335372044
1 0.26713033577170125 0.2212880097527562 0.07536759517409734 0.39302481527757294
1 0.17565135058934017 0.2421070321709653 0.15167682845659747 0.4842140643419306