1 0.09540236182910193 0.5164040072360893 0.12746244554888214 0.32264071913101977
1 0.2352415666495621 0.5326243080043148 0.10722266842151909 0.3455116530976463
1 0.34630178649713694 0.5020647840327396 0.10407948770335987 0.3389341044771273
1 0.4650699672152962 0.5082616316124619 0.09764768052176756 0.2757790072360892
1 0.6042415515242515 0.48533754522555766 0.09764768052176756 0.2757790072360892
1 0.7363909761922866 0.4585514744424858 0.11024767447164337 0.31146420171816536
1 0.9013983526557198 0.4195796641748634 0.09770222267624504 0.2945290072360892
0 0.08053640681225001 0.2538287641334942 0.061155668617910844 0.08138719810012063
0 0.22277390378718792 0.251544726367109 0.05020907825883123 0.07711577792830412
0 0.3353693525575239 0.2305239767057933 0.054923849336070064 0.08698210085908267
0 0.44619322306902864 0.2812144527342181 0.05962953005422929 0.09372342378986112
0 0.5940221898915414 0.23731612505374117 0.05178066861791084 0.08040455223856365
0 0.7293420663549746 0.19523260289118824 0.06113748789975162 0.07513719810012062
0 0.900522174766231 0.1834783898646039 0.05961134933607006 0.08747342378986112