1 0.08667680162244748 0.546425055951637 0.133739716626121 0.32647889812585584
1 0.22655691305876596 0.525786980866177 0.1150442587805987 0.3441377595669115
1 0.3360909943426592 0.4647345059390018 0.11191016842151917 0.3408309031404208
1 0.4533284913175971 0.44072738994559957 0.10391586123992677 0.2778762620741938
1 0.591755187062871 0.382680243073385 0.10390677088084707 0.274751262074194
1 0.7200438135263042 0.31897412958726534 0.1149533551898024 0.3128877595669115
1 0.884324482144215 0.2344266671965023 0.10396131303532492 0.2935012620741939
0 0.06710971106697612 0.29135712272382674 0.06273634933607006 0.0848871285298145
0 0.2062722050168519 0.24888951174498955 0.05178066861791084 0.078000631037097
0 0.3189040152235064 0.19703018039132342 0.056504530054229285 0.09077341567683303
0 0.4289693616327102 0.22186974135752538 0.06120112041330898 0.09417120031656916
0 0.5745000302506209 0.13841341752570668 0.05178975897699054 0.08112563103709695
0 0.7082983133299124 0.06032655529322821 0.05958407825883114 0.07533027210332377
0 0.8771937590751863 0.02223345421050683 0.06118293969514958 0.04446690842101366